   ******************************************************************************
   ** mxhrw007.dat:    Horizontal Well                                         **                 
   ******************************************************************************
   **************************************************************************************
   **                                                                                  **
   ** FILE:   MXHRW007.DAT                                                             **
   **                                                                                  **
   ** MODEL:  13x14x12              FRACTURED RESERVOIR          2 ROCK TYPES          **
   **         HORIZONTAL WELL                                                          **
   **         1 GAS INJECTOR        8 LEASES                     SI UNIT               **
   **                                                                                  **        
   **************************************************************************************
   **                                                                                  **
   ** A horizontal well model                                                          **
   **                                                                                  **
   **************************************************************************************
   ** CONTACT:    CMG,   (403)531-1300;   282-6495 (fax);support@cmgl.ca    (Internet) **
   **************************************************************************************                                

RESULTS SIMULATOR IMEX

   *********************************
   ** INPUT/OUTPUT CONTROL SECTION *
   *********************************   

   *TITLE1
      'HOR WELL SIMULATION'
   *TITLE2
      'CARTESIAN MODEL-WELLBORE MODELLED AS FRACTURE'
   *TITLE3
      'GASFLOOD IN TILTED LAMINATED DEBRIS SHEET'

   *INUNIT      *SI

   *WPRN        *WELL  *TIME
   *WPRN        *GRID  *TIME
   *WPRN        *ITER  *NONE

   *OUTPRN      *WELL  *ALL
   *OUTPRN      *GRID  *PRES *SO *SG *SW *DATUMPRES

   *WSRF        *WELL  *TIME
   *WSRF        *GRID  *TIME

   *OUTSRF      *WELL  *LAYER *ALL
   *OUTSRF      *GRID  *SO *SG *SW *PRES *OILPOT *DATUMPRES
   *OUTSRF      *RES   *NONE


   **********************************
   ** RESERVOIR DESCRIPTION SECTION *
   **********************************
   *GRID  *CART  13  14  12
   *KDIR  *DOWN

   *DI    *IVAR
     128 64 32 16 8 4 2 4 8 16 32 64 128
   *DJ    *JVAR
     100 50 81 64 93 88 127 92 72 74 53 43 50 100
   *DK    *KVAR
     15 10 8*2 10 15

   *DEPTH 1 1 1    1957.1


*POR  *MATRIX  *ALL
0.092 0.129 0.092 0.131 0.085 0.082 0.139 0.141 0.066 0.164 0.090 0.213 0.098
0.123 0.120 0.111 0.082 0.142 0.084 0.115 0.117 0.062 0.205 0.211 0.128 0.169
0.070 0.126 0.065 0.139 0.093 0.101 0.138 0.188 0.216 0.220 0.143 0.066 0.177
0.121 0.100 0.130 0.059 0.079 0.099 0.101 0.149 0.200 0.113 0.148 0.059 0.199
0.128 0.099 0.092 0.109 0.096 0.122 0.093 0.065 0.124 0.184 0.138 0.161 0.061
0.120 0.128 0.089 0.076 0.145 0.071 0.115 0.204 0.133 0.170 0.179 0.075 0.089
0.061 0.093 0.124 0.103 0.124 0.103 0.091 0.090 0.066 0.133 0.128 0.112 0.167
0.026 0.131 0.143 0.082 0.083 0.064 0.077 0.093 0.119 0.075 0.129 0.084 0.134
0.049 0.131 0.135 0.120 0.146 0.082 0.111 0.076 0.126 0.079 0.127 0.122 0.059
0.043 0.049 0.077 0.097 0.145 0.119 0.100 0.061 0.120 0.070 0.073 0.107 0.112
0.032 0.049 0.067 0.108 0.135 0.107 0.066 0.118 0.079 0.122 0.071 0.125 0.059
0.032 0.049 0.120 0.078 0.107 0.079 0.100 0.039 0.073 0.081 0.062 0.124 0.083
0.032 0.032 0.049 0.049 0.049 0.049 0.049 0.049 0.049 0.049 0.049 0.049 0.049
0.032 0.032 0.032 0.032 0.032 0.032 0.032 0.032 0.032 0.032 0.032 0.032 0.032

0.093 0.091 0.084 0.087 0.086 0.081 0.070 0.157 0.080 0.171 0.123 0.175 0.092
0.094 0.073 0.063 0.061 0.073 0.072 0.081 0.182 0.177 0.135 0.099 0.084 0.173
0.100 0.087 0.090 0.080 0.092 0.092 0.087 0.162 0.109 0.128 0.162 0.156 0.113
0.047 0.066 0.050 0.059 0.065 0.075 0.061 0.178 0.140 0.100 0.155 0.091 0.166
0.043 0.047 0.089 0.066 0.077 0.064 0.060 0.104 0.129 0.140 0.127 0.117 0.090
0.049 0.065 0.056 0.042 0.073 0.052 0.066 0.178 0.098 0.102 0.091 0.154 0.104
0.069 0.050 0.044 0.090 0.089 0.046 0.067 0.087 0.044 0.098 0.085 0.064 0.181
0.049 0.094 0.100 0.043 0.058 0.048 0.048 0.097 0.090 0.068 0.082 0.042 0.066
0.055 0.096 0.094 0.100 0.062 0.077 0.096 0.066 0.079 0.071 0.068 0.048 0.077
0.044 0.048 0.099 0.091 0.053 0.061 0.062 0.086 0.078 0.098 0.059 0.089 0.056
0.049 0.052 0.055 0.063 0.065 0.098 0.096 0.098 0.050 0.056 0.040 0.085 0.078
0.049 0.048 0.053 0.051 0.044 0.046 0.052 0.045 0.049 0.055 0.047 0.070 0.072
0.049 0.049 0.051 0.049 0.047 0.046 0.051 0.046 0.053 0.050 0.048 0.049 0.051
0.049 0.049 0.049 0.049 0.049 0.049 0.049 0.049 0.049 0.049 0.049 0.049 0.049

0.047 0.064 0.066 0.082 0.051 0.027 0.090 0.154 0.160 0.101 0.124 0.111 0.110
0.074 0.050 0.035 0.059 0.025 0.066 0.074 0.103 0.130 0.144 0.147 0.110 0.130
0.105 0.014 0.107 0.053 0.050 0.066 0.105 0.113 0.129 0.126 0.144 0.125 0.137
0.041 0.116 0.058 0.022 0.022 0.100 0.023 0.118 0.125 0.125 0.129 0.126 0.145
0.097 0.076 0.081 0.077 0.041 0.047 0.054 0.131 0.121 0.135 0.136 0.135 0.153
0.084 0.099 0.037 0.062 0.031 0.112 0.091 0.127 0.140 0.142 0.133 0.112 0.106
0.114 0.094 0.070 0.069 0.050 0.017 0.113 0.061 0.017 0.015 0.078 0.045 0.122
0.070 0.070 0.070 0.070 0.070 0.070 0.070 0.070 0.070 0.070 0.070 0.070 0.070
0.070 0.070 0.070 0.070 0.070 0.070 0.070 0.070 0.070 0.070 0.070 0.070 0.070
0.070 0.070 0.070 0.070 0.070 0.070 0.070 0.070 0.070 0.070 0.070 0.070 0.070
0.070 0.070 0.070 0.070 0.070 0.070 0.070 0.070 0.070 0.070 0.070 0.070 0.070
0.055 0.022 0.048 0.052 0.028 0.038 0.034 0.018 0.018 0.021 0.096 0.050 0.081
0.055 0.055 0.016 0.063 0.051 0.048 0.018 0.019 0.050 0.034 0.024 0.054 0.035
0.055 0.055 0.055 0.055 0.055 0.055 0.055 0.055 0.055 0.055 0.055 0.055 0.055

0.072 0.043 0.066 0.024 0.059 0.040 0.066 0.082 0.144 0.098 0.088 0.119 0.078
0.058 0.066 0.044 0.022 0.020 0.034 0.022 0.101 0.111 0.125 0.113 0.071 0.098
0.068 0.070 0.064 0.057 0.061 0.051 0.050 0.148 0.069 0.070 0.114 0.151 0.123
0.018 0.024 0.059 0.060 0.036 0.031 0.064 0.099 0.101 0.103 0.099 0.112 0.134
0.062 0.060 0.043 0.049 0.044 0.040 0.038 0.104 0.119 0.096 0.121 0.068 0.105
0.059 0.041 0.056 0.048 0.048 0.055 0.019 0.152 0.129 0.128 0.065 0.067 0.128
0.057 0.053 0.033 0.048 0.062 0.047 0.026 0.071 0.029 0.030 0.040 0.054 0.063
0.070 0.070 0.070 0.070 0.070 0.070 0.070 0.070 0.070 0.070 0.070 0.070 0.070
0.070 0.070 0.070 0.070 0.070 0.070 0.070 0.070 0.070 0.070 0.070 0.070 0.070
0.070 0.070 0.070 0.070 0.070 0.070 0.070 0.070 0.070 0.070 0.070 0.070 0.070
0.070 0.070 0.070 0.070 0.070 0.070 0.070 0.070 0.070 0.070 0.070 0.070 0.070
0.061 0.034 0.061 0.034 0.063 0.065 0.031 0.061 0.062 0.028 0.037 0.035 0.065
0.061 0.061 0.047 0.065 0.018 0.024 0.065 0.059 0.025 0.064 0.047 0.025 0.039
0.061 0.061 0.061 0.061 0.061 0.061 0.061 0.061 0.061 0.061 0.061 0.061 0.061

0.056 0.050 0.042 0.052 0.068 0.077 0.025 0.034 0.145 0.070 0.110 0.042 0.094
0.032 0.046 0.032 0.084 0.045 0.050 0.034 0.040 0.087 0.099 0.031 0.034 0.101
0.054 0.034 0.024 0.087 0.066 0.067 0.059 0.130 0.053 0.053 0.089 0.056 0.135
0.082 0.030 0.041 0.050 0.068 0.027 0.029 0.149 0.023 0.031 0.139 0.153 0.113
0.072 0.042 0.050 0.022 0.076 0.053 0.031 0.070 0.067 0.065 0.126 0.146 0.030
0.055 0.058 0.041 0.043 0.046 0.038 0.044 0.148 0.085 0.154 0.127 0.134 0.116
0.052 0.040 0.082 0.023 0.051 0.084 0.043 0.044 0.085 0.046 0.084 0.062 0.089
0.070 0.070 0.070 0.070 0.070 0.070 0.070 0.070 0.070 0.070 0.070 0.070 0.070
0.070 0.070 0.070 0.070 0.070 0.070 0.070 0.070 0.070 0.070 0.070 0.070 0.070
0.070 0.070 0.070 0.070 0.070 0.070 0.070 0.070 0.070 0.070 0.070 0.070 0.070
0.070 0.070 0.070 0.070 0.070 0.070 0.070 0.070 0.070 0.070 0.070 0.070 0.070
0.070 0.070 0.070 0.070 0.070 0.070 0.070 0.070 0.070 0.070 0.070 0.070 0.070
0.059 0.059 0.057 0.089 0.106 0.058 0.058 0.058 0.075 0.064 0.073 0.088 0.096
0.059 0.059 0.059 0.059 0.059 0.059 0.059 0.059 0.059 0.059 0.059 0.059 0.059

0.097 0.069 0.102 0.069 0.067 0.096 0.103 0.109 0.059 0.108 0.095 0.112 0.051
0.056 0.100 0.044 0.082 0.070 0.094 0.094 0.057 0.119 0.123 0.064 0.146 0.062
0.069 0.090 0.047 0.061 0.075 0.084 0.077 0.113 0.101 0.058 0.053 0.117 0.080
0.080 0.059 0.050 0.076 0.084 0.071 0.056 0.126 0.045 0.079 0.116 0.156 0.141
0.064 0.087 0.067 0.104 0.063 0.052 0.090 0.073 0.096 0.046 0.102 0.098 0.056
0.101 0.075 0.057 0.099 0.053 0.069 0.047 0.062 0.047 0.069 0.067 0.079 0.130
0.073 0.091 0.095 0.092 0.044 0.047 0.066 0.060 0.101 0.101 0.079 0.103 0.139
0.060 0.060 0.060 0.060 0.060 0.060 0.060 0.060 0.060 0.060 0.060 0.060 0.060
0.070 0.070 0.070 0.070 0.070 0.070 0.070 0.070 0.070 0.070 0.070 0.070 0.070
0.070 0.070 0.070 0.070 0.070 0.070 0.070 0.070 0.070 0.070 0.070 0.070 0.070
0.070 0.070 0.070 0.070 0.070 0.070 0.070 0.070 0.070 0.070 0.070 0.070 0.070
0.070 0.070 0.070 0.070 0.070 0.070 0.070 0.070 0.070 0.070 0.070 0.070 0.070
0.059 0.019 0.073 0.030 0.056 0.061 0.035 0.090 0.096 0.076 0.061 0.045 0.057
0.059 0.059 0.019 0.019 0.019 0.019 0.019 0.019 0.019 0.019 0.019 0.019 0.019

0.069 0.062 0.064 0.074 0.070 0.065 0.070 0.092 0.136 0.085 0.109 0.142 0.146
0.062 0.069 0.077 0.069 0.069 0.067 0.061 0.071 0.063 0.104 0.099 0.122 0.165
0.068 0.067 0.065 0.078 0.062 0.081 0.085 0.177 0.154 0.075 0.122 0.108 0.136
0.062 0.079 0.074 0.079 0.075 0.083 0.063 0.167 0.068 0.109 0.158 0.076 0.151
0.079 0.075 0.069 0.075 0.071 0.081 0.071 0.130 0.105 0.090 0.103 0.074 0.128
0.064 0.075 0.065 0.064 0.069 0.073 0.077 0.105 0.126 0.074 0.131 0.169 0.074
0.075 0.070 0.066 0.067 0.070 0.077 0.077 0.083 0.065 0.083 0.064 0.080 0.126
0.060 0.060 0.060 0.060 0.060 0.060 0.060 0.060 0.060 0.060 0.060 0.060 0.060
0.070 0.070 0.070 0.070 0.070 0.070 0.070 0.070 0.070 0.070 0.070 0.070 0.070
0.070 0.070 0.070 0.070 0.070 0.070 0.070 0.070 0.070 0.070 0.070 0.070 0.070
0.070 0.070 0.070 0.070 0.070 0.070 0.070 0.070 0.070 0.070 0.070 0.070 0.070
0.070 0.070 0.070 0.070 0.070 0.070 0.070 0.070 0.070 0.070 0.070 0.070 0.070
0.023 0.046 0.059 0.060 0.078 0.055 0.045 0.070 0.075 0.062 0.067 0.013 0.022
0.038 0.047 0.043 0.030 0.046 0.023 0.074 0.064 0.046 0.032 0.055 0.011 0.033

0.049 0.053 0.081 0.080 0.089 0.087 0.078 0.113 0.151 0.270 0.256 0.242 0.218
0.049 0.045 0.092 0.054 0.108 0.052 0.039 0.137 0.275 0.097 0.249 0.114 0.120
0.061 0.069 0.098 0.096 0.102 0.041 0.102 0.206 0.093 0.134 0.131 0.209 0.279
0.049 0.070 0.035 0.074 0.076 0.039 0.106 0.135 0.253 0.145 0.269 0.101 0.175
0.050 0.099 0.040 0.065 0.058 0.070 0.059 0.159 0.131 0.134 0.193 0.121 0.190
0.084 0.100 0.046 0.102 0.082 0.082 0.082 0.092 0.100 0.096 0.153 0.120 0.100
0.036 0.091 0.061 0.106 0.041 0.040 0.091 0.053 0.081 0.048 0.083 0.074 0.234
0.060 0.060 0.060 0.060 0.060 0.060 0.060 0.060 0.060 0.060 0.060 0.060 0.060
0.060 0.060 0.060 0.060 0.060 0.060 0.060 0.060 0.060 0.060 0.060 0.060 0.060
0.070 0.070 0.070 0.070 0.070 0.070 0.070 0.070 0.070 0.070 0.070 0.070 0.070
0.070 0.070 0.070 0.070 0.070 0.070 0.070 0.070 0.070 0.070 0.070 0.070 0.070
0.070 0.070 0.070 0.070 0.070 0.070 0.070 0.070 0.070 0.070 0.070 0.070 0.070
0.015 0.072 0.073 0.068 0.060 0.069 0.027 0.074 0.035 0.044 0.053 0.044 0.066
0.039 0.063 0.023 0.024 0.073 0.044 0.068 0.016 0.022 0.023 0.012 0.020 0.036

0.070 0.081 0.082 0.146 0.167 0.126 0.166 0.145 0.137 0.138 0.182 0.147 0.128
0.100 0.068 0.144 0.160 0.107 0.082 0.155 0.149 0.194 0.199 0.153 0.134 0.167
0.080 0.047 0.155 0.095 0.141 0.074 0.080 0.187 0.199 0.123 0.134 0.134 0.132
0.080 0.043 0.155 0.046 0.168 0.106 0.070 0.177 0.152 0.114 0.135 0.170 0.160
0.090 0.088 0.122 0.056 0.127 0.169 0.110 0.182 0.153 0.145 0.186 0.186 0.185
0.070 0.083 0.094 0.099 0.161 0.143 0.100 0.162 0.127 0.138 0.128 0.193 0.168
0.082 0.110 0.127 0.071 0.042 0.150 0.080 0.055 0.038 0.129 0.135 0.040 0.136
0.080 0.080 0.080 0.080 0.080 0.080 0.080 0.080 0.080 0.080 0.080 0.080 0.080
0.060 0.060 0.060 0.060 0.060 0.060 0.060 0.060 0.060 0.060 0.060 0.060 0.060
0.070 0.070 0.070 0.070 0.070 0.070 0.070 0.070 0.070 0.070 0.070 0.070 0.070
0.070 0.070 0.070 0.070 0.070 0.070 0.070 0.070 0.070 0.070 0.070 0.070 0.070
0.070 0.070 0.070 0.070 0.070 0.070 0.070 0.070 0.070 0.070 0.070 0.070 0.070
0.070 0.070 0.070 0.070 0.070 0.070 0.070 0.070 0.070 0.070 0.070 0.070 0.070
0.018 0.031 0.022 0.011 0.046 0.036 0.023 0.045 0.017 0.037 0.011 0.012 0.010

0.119 0.146 0.025 0.040 0.145 0.115 0.035 0.147 0.139 0.152 0.136 0.132 0.148
0.054 0.112 0.053 0.109 0.045 0.080 0.045 0.137 0.125 0.137 0.142 0.158 0.152
0.066 0.145 0.134 0.077 0.033 0.082 0.079 0.154 0.136 0.123 0.141 0.157 0.135
0.142 0.107 0.021 0.088 0.129 0.066 0.128 0.159 0.130 0.155 0.155 0.152 0.139
0.077 0.104 0.051 0.124 0.108 0.097 0.110 0.139 0.135 0.152 0.139 0.129 0.159
0.142 0.142 0.028 0.076 0.024 0.040 0.065 0.143 0.156 0.123 0.140 0.147 0.133
0.121 0.035 0.117 0.058 0.083 0.130 0.036 0.103 0.116 0.062 0.113 0.126 0.136
0.080 0.080 0.080 0.080 0.080 0.080 0.080 0.080 0.080 0.080 0.080 0.080 0.080
0.060 0.060 0.060 0.060 0.060 0.060 0.060 0.060 0.060 0.060 0.060 0.060 0.060
0.070 0.070 0.070 0.070 0.070 0.070 0.070 0.070 0.070 0.070 0.070 0.070 0.070
0.070 0.070 0.070 0.070 0.070 0.070 0.070 0.070 0.070 0.070 0.070 0.070 0.070
0.070 0.070 0.070 0.070 0.070 0.070 0.070 0.070 0.070 0.070 0.070 0.070 0.070
0.070 0.070 0.070 0.070 0.070 0.070 0.070 0.070 0.070 0.070 0.070 0.070 0.070
0.013 0.010 0.023 0.012 0.011 0.018 0.013 0.020 0.023 0.015 0.021 0.012 0.016

0.080 0.100 0.120 0.120 0.120 0.120 0.120 0.120 0.120 0.120 0.140 0.140 0.080
0.100 0.120 0.120 0.120 0.120 0.120 0.120 0.120 0.120 0.120 0.120 0.120 0.120
0.080 0.100 0.120 0.120 0.120 0.120 0.120 0.120 0.120 0.120 0.120 0.120 0.100
0.080 0.100 0.120 0.120 0.120 0.120 0.120 0.120 0.120 0.120 0.120 0.120 0.090
0.080 0.100 0.120 0.120 0.120 0.120 0.120 0.120 0.120 0.120 0.120 0.120 0.120
0.060 0.080 0.100 0.120 0.120 0.120 0.120 0.120 0.120 0.120 0.120 0.120 0.140
0.060 0.080 0.100 0.100 0.100 0.100 0.100 0.120 0.120 0.120 0.120 0.140 0.140
0.040 0.060 0.080 0.080 0.080 0.100 0.100 0.100 0.100 0.100 0.100 0.120 0.120
0.020 0.040 0.060 0.060 0.060 0.060 0.060 0.080 0.080 0.080 0.080 0.100 0.100
0.020 0.020 0.040 0.060 0.060 0.060 0.060 0.060 0.060 0.060 0.080 0.080 0.080
0.020 0.020 0.020 0.040 0.040 0.040 0.040 0.040 0.040 0.040 0.060 0.060 0.060
0.020 0.020 0.020 0.020 0.020 0.020 0.020 0.040 0.040 0.040 0.040 0.040 0.060
0.010 0.020 0.020 0.020 0.020 0.020 0.020 0.020 0.020 0.020 0.040 0.040 0.040
0.010 0.020 0.020 0.020 0.020 0.020 0.020 0.020 0.020 0.020 0.020 0.020 0.040

0.060 0.060 0.060 0.060 0.060 0.060 0.060 0.060 0.060 0.060 0.060 0.060 0.060
0.060 0.060 0.040 0.040 0.040 0.040 0.040 0.040 0.040 0.040 0.040 0.040 0.040
0.050 0.050 0.040 0.040 0.040 0.040 0.040 0.040 0.040 0.040 0.040 0.040 0.040
0.050 0.050 0.040 0.040 0.040 0.040 0.040 0.040 0.040 0.040 0.040 0.040 0.020
0.050 0.050 0.050 0.050 0.050 0.050 0.050 0.050 0.050 0.050 0.050 0.050 0.040
0.050 0.050 0.050 0.060 0.060 0.060 0.060 0.060 0.060 0.060 0.060 0.060 0.060
0.040 0.040 0.040 0.060 0.060 0.060 0.060 0.060 0.060 0.060 0.060 0.060 0.080
0.040 0.040 0.040 0.040 0.060 0.060 0.060 0.060 0.060 0.060 0.060 0.060 0.060
0.040 0.040 0.040 0.040 0.040 0.060 0.060 0.060 0.060 0.060 0.060 0.060 0.060
0.020 0.040 0.040 0.040 0.040 0.040 0.040 0.040 0.040 0.040 0.040 0.040 0.040
0.020 0.020 0.020 0.020 0.020 0.020 0.020 0.040 0.040 0.040 0.040 0.040 0.040
0.020 0.020 0.020 0.020 0.020 0.020 0.020 0.020 0.020 0.020 0.020 0.020 0.020
0.010 0.020 0.020 0.020 0.020 0.020 0.020 0.020 0.020 0.020 0.020 0.020 0.020
0.010 0.010 0.020 0.020 0.020 0.020 0.020 0.020 0.020 0.020 0.020 0.020 0.020

   *PRPOR  *MATRIX    17400
   *CPOR   *MATRIX    5.105E-07

*PERMI  *MATRIX  *ALL
 25.57  72.99  25.57  77.25  20.96  19.25  96.92 102.58   12.23  196.91   24.16  790.04   30.31
 61.57  56.55  43.82  19.25 105.53  20.38  49.08  51.94   10.92  629.70  746.48   70.95  226.90
 13.70  67.04  11.89  96.92  26.30  33.00  94.21 388.87  860.18  963.48  108.56   12.23  284.67
 58.18  32.08  75.09  10.03  17.68  31.18  33.00 128.69  546.47   46.37  125.10   10.03  531.19
 70.95  31.18  25.57  41.40  28.64  59.85  26.30  11.89   63.35  347.17   94.21  180.85   10.62
 56.55  70.95  23.48  16.24 114.90  14.10  49.08 612.10   81.76  233.43  301.28   15.79   23.48
 10.62  26.30  63.35  34.92  63.35  34.92  24.85  24.16   12.23   81.76   70.95   45.08  214.39
  1.49  77.25 108.56  19.25  19.81  11.56  16.71  26.30   54.97   15.79   72.99   20.38   84.11
  7.55  77.25  86.53  56.55 118.20  19.25  43.82  16.24   67.04   17.68   68.97   59.85   10.03
  6.37   7.55  16.71  29.46 114.90  54.97  32.08  10.62   56.55   13.70   14.92   39.12   45.08
  4.66   7.55  12.58  40.24  86.53  39.12  12.23  53.44   17.68   59.85   14.10   65.17   10.03
  4.66   7.55  56.55  17.19  39.12  17.68  32.08   5.69   14.92   18.72   10.92   63.35   19.81
  4.66   4.66   7.55   7.55   7.55   7.55   7.55   7.55    7.55    7.55    7.55    7.55    7.55
  4.66   4.66   4.66   4.66   4.66   4.66   4.66   4.66    4.66    4.66    4.66    4.66    4.66

 26.30  24.85  20.38  22.19  21.57  18.72  13.70 161.46   18.19  240.14   61.57  268.98   25.57
 27.06  14.92  11.23  10.62  14.92  14.50  18.72 328.03  284.67   86.53   31.18   20.38  254.15
 32.08  22.19  24.16  18.19  25.57  25.57  22.19 186.05   41.40   70.95  186.05  156.95   46.37
  7.14  12.23   7.77  10.03  11.89  15.79  10.62 292.86   99.71   32.08  152.56   24.85  208.40
  6.37   7.14  23.48  12.23  16.71  11.56  10.32  35.93   72.99   99.71   68.97   51.94   24.16
  7.55  11.89   9.21   6.19  14.92   8.22  12.23 292.86   30.31   33.95   24.85  148.30   35.93
 13.32   7.77   6.56  24.16  23.48   6.94  12.58  22.19    6.56   30.31   20.96   11.56  318.86
  7.55  27.06  32.08   6.37   9.75   7.34   7.34  29.46   24.16   12.95   19.25    6.19   12.23
  8.95  28.64  27.06  32.08  10.92  16.71  28.64  12.23   17.68   14.10   12.95    7.34   16.71
  6.56   7.34  31.18  24.85   8.46  10.62  10.92  21.57   17.19   30.31   10.03   23.48    9.21
  7.55   8.22   8.95  11.23  11.89  30.31  28.64  30.31    7.77    9.21    5.85   20.96   17.19
  7.55   7.34   8.46   7.99   6.56   6.94   8.22   6.74    7.55    8.95    7.14   13.70   14.50
  7.55   7.55   7.99   7.55   7.14   6.94   7.99   6.94    8.46    7.77    7.34    7.55    7.99
  7.55   7.55   7.55   7.55   7.55   7.55   7.55   7.55    7.55    7.55    7.55    7.55    7.55

  7.08  11.42  12.22  19.22   7.95   1.91  23.87 147.41  175.15   33.07   63.85   44.05   42.86
 15.51   7.81   5.01  10.06   0.98  12.17  15.20  35.37   75.41  111.42  123.33   43.18   74.07
 37.38   0.05  39.12   8.35   7.74  12.19  37.24  46.15   72.03   66.86  113.14   65.49   92.86
  6.01  50.26   9.85   0.46   0.45  31.75   0.69  53.19   66.01   65.10   72.54   66.56  114.90
 29.24  16.25  18.77  16.80   6.05   7.06   8.76  76.83   58.51   86.60   89.62   87.41  144.98
 20.26  31.18   5.30  10.94   4.59  44.79  24.91  68.45   98.54  105.53   81.80   45.64   37.94
 47.59  27.24  13.78  13.24   7.84   0.12  46.21  10.65    0.11    0.07   17.10    6.82   60.16
 13.70  13.70  13.70  13.70  13.70  13.70  13.70  13.70   13.70   13.70   13.70   13.70   13.70
 13.70  13.70  13.70  13.70  13.70  13.70  13.70  13.70   13.70   13.70   13.70   13.70   13.70
 13.70  13.70  13.70  13.70  13.70  13.70  13.70  13.70   13.70   13.70   13.70   13.70   13.70
 13.70  13.70  13.70  13.70  13.70  13.70  13.70  13.70   13.70   13.70   13.70   13.70   13.70
  8.95   0.43   7.34   8.30   2.74   5.60   4.92   0.17    0.17    0.36   28.28    7.73   18.53
  8.95   8.95   0.10  11.15   7.94   7.36   0.14   0.23    7.79    4.97    0.97    8.78    5.15
  8.95   8.95   8.95   8.95   8.95   8.95   8.95   8.95    8.95    8.95    8.95    8.95    8.95

 14.39   6.43  12.33   0.87   9.90   5.86  12.23  19.11  111.08   30.64   22.61   55.73   17.00
  9.79  12.36   6.48   0.49   0.26   5.01   0.44  33.23   44.20   64.45   46.01   14.10   30.28
 13.00  13.86  11.56   9.52  10.55   8.00   7.79 125.02   13.47   13.71   47.23  134.61   62.39
  0.14   0.76  10.13  10.19   5.17   4.53  11.59  30.88   33.28   34.58   30.79   45.54   84.11
 10.96  10.40   6.39   7.50   6.65   5.82   5.60  35.48   55.29   28.85   58.91   13.08   36.89
 10.14   6.07   9.22   7.25   7.37   8.93   0.23 140.41   72.50   71.32   11.78   12.55   71.21
  9.56   8.49   4.74   7.25  10.82   7.21   1.65  13.90    3.16    4.05    5.92    8.73   11.18
 13.70  13.70  13.70  13.70  13.70  13.70  13.70  13.70   13.70   13.70   13.70   13.70   13.70
 13.70  13.70  13.70  13.70  13.70  13.70  13.70  13.70   13.70   13.70   13.70   13.70   13.70
 13.70  13.70  13.70  13.70  13.70  13.70  13.70  13.70   13.70   13.70   13.70   13.70   13.70
 13.70  13.70  13.70  13.70  13.70  13.70  13.70  13.70   13.70   13.70   13.70   13.70   13.70
 10.62   4.88  10.58   4.95  11.15  11.97   4.57  10.47   11.07    2.77    5.44    5.10   11.85
 10.62  10.62   7.22  11.90   0.17   0.91  12.02   9.97    1.13   11.51    7.06    1.16    5.71
 10.62  10.62  10.62  10.62  10.62  10.62  10.62  10.62   10.62   10.62   10.62   10.62   10.62

  9.26   7.88   6.26   8.16  12.92  16.77   0.99   4.98  114.70   13.79   42.11    6.11   27.04
  4.70   6.85   4.62  20.39   6.76   7.85   4.94   5.83   22.46   31.48    4.57    4.90   33.31
  8.82   4.90   0.85  22.09  12.38  12.64  10.05  74.41    8.41    8.38   23.47    9.30   86.49
 19.10   4.21   5.99   7.86  12.86   2.11   3.92 130.44    0.69    4.60   97.94  144.32   46.37
 14.57   6.14   7.76   0.54  16.19   8.46   4.49  13.83   12.51   11.85   66.26  117.21    4.44
  8.85   9.81   6.09   6.42   7.02   5.46   6.61 124.99   20.86  146.96   68.81   83.57   50.03
  8.13   5.90  19.03   0.58   7.91  20.41   6.44   6.62   21.08    6.89   20.14   10.91   23.25
 13.70  13.70  13.70  13.70  13.70  13.70  13.70  13.70   13.70   13.70   13.70   13.70   13.70
 13.70  13.70  13.70  13.70  13.70  13.70  13.70  13.70   13.70   13.70   13.70   13.70   13.70
 13.70  13.70  13.70  13.70  13.70  13.70  13.70  13.70   13.70   13.70   13.70   13.70   13.70
 13.70  13.70  13.70  13.70  13.70  13.70  13.70  13.70   13.70   13.70   13.70   13.70   13.70
 13.70  13.70  13.70  13.70  13.70  13.70  13.70  13.70   13.70   13.70   13.70   13.70   13.70
 10.03  10.03   9.40  23.64  37.76   9.61   9.79   9.83   15.83   11.65   14.81   22.61   28.53
 10.03  10.03  10.03  10.03  10.03  10.03  10.03  10.03   10.03   10.03   10.03   10.03   10.03

 29.44  13.33  33.73  13.36  12.42  28.29  35.40  41.70   10.04   39.94   27.63   45.44    8.08
  9.19  32.08   6.55  19.06  13.65  27.44  27.00   9.54   54.27   60.84   11.60  116.85   11.03
 13.35  23.94   7.14  10.62  15.68  20.52  16.82  46.18   32.84    9.77    8.51   51.69   18.37
 18.45  10.00   7.77  16.32  20.54  14.22   9.24  66.27    6.79   17.65   50.97  157.99  102.58
 11.70  22.12  12.69  36.13  11.39   8.31  24.33  14.97   28.90    6.95   34.06   30.25    9.21
 32.98  15.71   9.50  31.33   8.49  13.27   7.07  11.07    7.16   13.44   12.46   17.47   75.89
 15.00  24.71  28.03  25.36   6.50   7.08  12.25  10.26   33.42   32.63   17.93   34.86   97.66
 10.32  10.32  10.32  10.32  10.32  10.32  10.32  10.32   10.32   10.32   10.32   10.32   10.32
 13.70  13.70  13.70  13.70  13.70  13.70  13.70  13.70   13.70   13.70   13.70   13.70   13.70
 13.70  13.70  13.70  13.70  13.70  13.70  13.70  13.70   13.70   13.70   13.70   13.70   13.70
 13.70  13.70  13.70  13.70  13.70  13.70  13.70  13.70   13.70   13.70   13.70   13.70   13.70
 13.70  13.70  13.70  13.70  13.70  13.70  13.70  13.70   13.70   13.70   13.70   13.70   13.70
 10.03   0.21  14.86   4.43   9.33  10.69   5.05  23.97   29.05   16.25   10.69    6.81    9.38
 10.03  10.03   0.21   0.21   0.21   0.21   0.21   0.21    0.21    0.21    0.21    0.21    0.21

 13.46  11.02  11.70  15.27  13.69  11.86  13.55  25.25   89.83   20.78   41.32  104.52  119.77
 11.01  13.34  16.69  13.18  13.31  12.50  10.55  13.93   11.38   35.62   31.19   60.08  204.74
 12.83  12.74  11.89  17.35  10.91  18.68  20.80 282.06  148.06   15.91   59.59   39.94   89.27
 11.07  17.79  15.33  17.64  15.60  19.76  11.38 214.47   12.98   41.11  168.41   16.18  136.20
 17.77  15.94  13.15  15.75  14.19  18.82  14.24  74.57   36.52   24.00   35.11   15.32   71.32
 11.67  15.87  11.95  11.50  13.26  15.13  16.70  36.75   66.66   15.52   77.53  224.32   15.37
 15.82  13.77  12.31  12.51  13.67  16.85  16.54  19.95   11.97   19.68   11.45   18.28   66.51
 10.32  10.32  10.32  10.32  10.32  10.32  10.32  10.32   10.32   10.32   10.32   10.32   10.32
 13.70  13.70  13.70  13.70  13.70  13.70  13.70  13.70   13.70   13.70   13.70   13.70   13.70
 13.70  13.70  13.70  13.70  13.70  13.70  13.70  13.70   13.70   13.70   13.70   13.70   13.70
 13.70  13.70  13.70  13.70  13.70  13.70  13.70  13.70   13.70   13.70   13.70   13.70   13.70
 13.70  13.70  13.70  13.70  13.70  13.70  13.70  13.70   13.70   13.70   13.70   13.70   13.70
  0.63   6.99  10.13  10.40  17.02   9.08   6.82  13.80   15.81   10.96   12.42    0.04    0.46
  5.60   7.11   6.43   4.37   7.03   0.67  15.56  11.42    6.90    4.63    8.92    0.02    4.85

  7.55   8.34  18.79  18.18  23.76  22.34  17.22  45.83  135.80 4024.02 2658.29 1790.61  916.67
  7.49   6.71  25.39   8.61  40.03   8.22   5.71  92.11 4636.80   29.34 2177.86   47.37   56.60
 10.47  13.35  30.31  28.70  33.87   5.95  34.43 644.99   26.02   84.44   78.30  696.09 5193.12
  7.56  13.86   5.08  15.24  16.43   5.69  37.50  85.33 2488.43  114.58 3916.07   32.99  268.98
  7.85  31.35   5.84  11.78   9.75  13.54   9.98 172.67   76.52   82.95  452.55   58.70  409.80
 20.56  31.78   6.84  33.72  19.46  18.99  19.16  25.53   32.43   28.77  142.31   56.54   32.35
  5.30  24.68  10.76  37.49   6.01   5.90  25.15   8.38   18.77    7.39   19.85   15.43 1424.42
 10.32  10.32  10.32  10.32  10.32  10.32  10.32  10.32   10.32   10.32   10.32   10.32   10.32
 10.32  10.32  10.32  10.32  10.32  10.32  10.32  10.32   10.32   10.32   10.32   10.32   10.32
 13.70  13.70  13.70  13.70  13.70  13.70  13.70  13.70   13.70   13.70   13.70   13.70   13.70
 13.70  13.70  13.70  13.70  13.70  13.70  13.70  13.70   13.70   13.70   13.70   13.70   13.70
 13.70  13.70  13.70  13.70  13.70  13.70  13.70  13.70   13.70   13.70   13.70   13.70   13.70
  0.06  14.48  14.89  12.92  10.32  13.23   1.79  15.46    5.05    6.51    8.46    6.50   12.19
  5.63  11.26   0.66   0.80  14.76   6.62  13.01   0.08    0.53    0.62    0.03    0.28    5.28

 13.70  18.54  19.52 116.89 216.71  66.24 209.08 115.95   91.31   94.41  329.78  121.05   71.94
 32.08  12.98 113.10 176.61  39.51  19.05 153.25 129.31  462.54  538.54  143.98   84.69  213.23
 18.19   7.13 152.56  27.52 101.50  15.55  18.19 383.14  534.66   61.37   83.87   85.26   78.67
 18.19   6.42 152.06   6.85 223.20  37.85  13.70 286.05  141.79   48.10   86.09  231.87  175.80
 24.16  22.85  59.68   9.25  69.02 226.99  42.59 323.93  146.20  114.06  367.80  369.28  361.59
 13.70  19.77  26.82  31.16 181.12 107.25  32.08 187.67   69.57   94.50   71.23  449.48  223.65
 19.10  42.95  68.71  14.28   6.22 132.29  18.19   9.06    5.48   72.83   86.77    5.84   90.09
 18.19  18.19  18.19  18.19  18.19  18.19  18.19  18.19   18.19   18.19   18.19   18.19   18.19
 10.32  10.32  10.32  10.32  10.32  10.32  10.32  10.32   10.32   10.32   10.32   10.32   10.32
 13.70  13.70  13.70  13.70  13.70  13.70  13.70  13.70   13.70   13.70   13.70   13.70   13.70
 13.70  13.70  13.70  13.70  13.70  13.70  13.70  13.70   13.70   13.70   13.70   13.70   13.70
 13.70  13.70  13.70  13.70  13.70  13.70  13.70  13.70   13.70   13.70   13.70   13.70   13.70
 13.70  13.70  13.70  13.70  13.70  13.70  13.70  13.70   13.70   13.70   13.70   13.70   13.70
  0.17   4.56   0.48   0.02   6.86   5.25   0.59   6.69    0.12    5.41    0.02    0.03    0.02

 54.68 117.39   1.24   5.79 116.52  48.64   5.10 122.41   98.09  138.73   89.71   80.03  123.78
  8.82  45.49   8.40  41.76   6.77  18.40   6.73  91.10   64.55   91.22  105.57  166.84  141.44
 12.32 114.17  84.11  16.73   4.82  19.26  17.80 146.88   88.94   61.97  101.44  160.28   87.72
105.25  39.33   0.39  22.86  73.21  12.19  70.93 168.72   74.62  152.94  151.51  140.58   96.92
 16.85  36.25   8.03  62.76  40.70  29.22  42.41  96.20   87.34  138.75   97.44   73.00  172.97
106.74 106.59   2.65  16.03   0.78   5.84  12.03 107.80  157.01   61.37   99.81  120.17   81.01
 57.41   5.02  51.68   9.85  19.99  74.78   5.23  34.53   50.66   11.01   46.54   67.40   88.40
 18.19  18.19  18.19  18.19  18.19  18.19  18.19  18.19   18.19   18.19   18.19   18.19   18.19
 10.32  10.32  10.32  10.32  10.32  10.32  10.32  10.32   10.32   10.32   10.32   10.32   10.32
 13.70  13.70  13.70  13.70  13.70  13.70  13.70  13.70   13.70   13.70   13.70   13.70   13.70
 13.70  13.70  13.70  13.70  13.70  13.70  13.70  13.70   13.70   13.70   13.70   13.70   13.70
 13.70  13.70  13.70  13.70  13.70  13.70  13.70  13.70   13.70   13.70   13.70   13.70   13.70
 13.70  13.70  13.70  13.70  13.70  13.70  13.70  13.70   13.70   13.70   13.70   13.70   13.70
  0.03   0.02   0.74   0.03   0.02   0.18   0.04   0.29    0.60    0.06    0.37    0.03    0.10

 18.19  32.08  56.55  56.55  56.55  56.55  56.55  56.55   56.55   56.55   99.71   99.71   18.19
 32.08  56.55  56.55  56.55  56.55  56.55  56.55  56.55   56.55   56.55   56.55   56.55   56.55
 18.19  32.08  56.55  56.55  56.55  56.55  56.55  56.55   56.55   56.55   56.55   56.55   32.08
 18.19  32.08  56.55  56.55  56.55  56.55  56.55  56.55   56.55   56.55   56.55   56.55   24.16
 18.19  32.08  56.55  56.55  56.55  56.55  56.55  56.55   56.55   56.55   56.55   56.55   56.55
 10.32  18.19  32.08  56.55  56.55  56.55  56.55  56.55   56.55   56.55   56.55   56.55   99.71
 10.32  18.19  32.08  32.08  32.08  32.08  32.08  56.55   56.55   56.55   56.55   99.71   99.71
  5.85  10.32  18.19  18.19  18.19  32.08  32.08  32.08   32.08   32.08   32.08   56.55   56.55
  0.28   5.85  10.32  10.32  10.32  10.32  10.32  18.19   18.19   18.19   18.19   32.08   32.08
  0.28   0.28   5.85  10.32  10.32  10.32  10.32  10.32   10.32   10.32   18.19   18.19   18.19
  0.28   0.28   0.28   5.85   5.85   5.85   5.85   5.85    5.85    5.85   10.32   10.32   10.32
  0.28   0.28   0.28   0.28   0.28   0.28   0.28   5.85    5.85    5.85    5.85    5.85   10.32
  0.02   0.28   0.28   0.28   0.28   0.28   0.28   0.28    0.28    0.28    5.85    5.85    5.85
  0.02   0.28   0.28   0.28   0.28   0.28   0.28   0.28    0.28    0.28    0.28    0.28    5.85

 10.32  10.32  10.32  10.32  10.32  10.32  10.32  10.32   10.32   10.32   10.32   10.32   10.32
 10.32  10.32   5.85   5.85   5.85   5.85   5.85   5.85    5.85    5.85    5.85    5.85    5.85
  7.77   7.77   5.85   5.85   5.85   5.85   5.85   5.85    5.85    5.85    5.85    5.85    5.85
  7.77   7.77   5.85   5.85   5.85   5.85   5.85   5.85    5.85    5.85    5.85    5.85    0.28
  7.77   7.77   7.77   7.77   7.77   7.77   7.77   7.77    7.77    7.77    7.77    7.77    5.85
  7.77   7.77   7.77  10.32  10.32  10.32  10.32  10.32   10.32   10.32   10.32   10.32   10.32
  5.85   5.85   5.85  10.32  10.32  10.32  10.32  10.32   10.32   10.32   10.32   10.32   18.19
  5.85   5.85   5.85   5.85  10.32  10.32  10.32  10.32   10.32   10.32   10.32   10.32   10.32
  5.85   5.85   5.85   5.85   5.85  10.32  10.32  10.32   10.32   10.32   10.32   10.32   10.32
  0.28   5.85   5.85   5.85   5.85   5.85   5.85   5.85    5.85    5.85    5.85    5.85    5.85
  0.28   0.28   0.28   0.28   0.28   0.28   0.28   5.85    5.85    5.85    5.85    5.85    5.85
  0.28   0.28   0.28   0.28   0.28   0.28   0.28   0.28    0.28    0.28    0.28    0.28    0.28
  0.02   0.28   0.28   0.28   0.28   0.28   0.28   0.28    0.28    0.28    0.28    0.28    0.28
  0.02   0.02   0.28   0.28   0.28   0.28   0.28   0.28    0.28    0.28    0.28    0.28    0.28

*PERMJ  *EQUALSI

*PERMK  *MATRIX  *ALL
 0.01   7.20   3.17   7.52   2.72   2.54   8.98   9.39   1.78  15.62   3.04  46.23   3.62
 6.30   5.90   4.83   2.54   9.60   2.66   5.28   5.52   1.63  38.73  44.23   7.04  17.45
 1.95   6.74   1.75   8.98   3.24   3.87   8.79  26.58  49.40  53.98   9.81   1.78  20.83
 6.03   3.79   7.36   1.53   2.38   3.71   3.87  11.21  34.67   5.05  10.96   1.53  33.91
 7.04   3.71   3.17   4.62   3.47   6.17   3.24   1.75   6.44  24.33   8.79  14.62   1.60
 5.90   7.04   2.97   2.23  10.26   1.99   5.28  37.88   7.87  17.84  21.78   2.18   2.97
 1.60   3.24   6.44   4.05   6.44   4.05   3.10   3.04   1.78   7.87   7.04   4.94  16.70
 0.35   7.52   9.81   2.54   2.60   1.71   2.28   3.24   5.77   2.18   7.20   2.66   8.04
 1.22   7.52   8.22   5.90  10.49   2.54   4.83   2.23   6.74   2.38   6.89   6.17   1.53
 1.07   1.22   2.28   3.54  10.26   5.77   3.79   1.60   5.90   1.95   2.08   4.42   4.94
 0.84   1.22   1.82   4.52   8.22   4.42   1.78   5.64   2.38   6.17   1.99   6.59   1.53
 0.84   1.22   5.90   2.33   4.42   2.38   3.79   0.98   2.08   2.49   1.63   6.44   2.60
 0.84   0.84   1.22   1.22   1.22   1.22   1.22   1.22   1.22   1.22   1.22   1.22   1.22
 0.84   0.84   0.84   0.84   0.84   0.84   0.84   0.84   0.84   0.84   0.84   0.84   0.84

 3.24   3.10   2.66   2.84   2.78   2.49   1.95  13.38   2.43  18.24   6.30  19.93   3.17
 3.32   2.08   1.67   1.60   2.08   2.04   2.49  23.27  20.83   8.22   3.71   2.66  19.07
 3.79   2.84   3.04   2.43   3.17   3.17   2.84  14.95   4.62   7.04  14.95  13.09   5.05
 1.17   1.78   1.25   1.53   1.75   2.18   1.60  21.30   9.18   3.79  12.80   3.10  16.33
 1.07   1.17   2.97   1.78   2.28   1.71   1.56   4.14   7.20   9.18   6.89   5.52   3.04
 1.22   1.75   1.43   1.05   2.08   1.31   1.78  21.30   3.62   3.96   3.10  12.52   4.14
 1.91   1.25   1.10   3.04   2.97   1.15   1.82   2.84   1.10   3.62   2.72   1.71  22.76
 1.22   3.32   3.79   1.07   1.49   1.20   1.20   3.54   3.04   1.87   2.54   1.05   1.78
 1.40   3.47   3.32   3.79   1.63   2.28   3.47   1.78   2.38   1.99   1.87   1.20   2.28
 0.00   1.20   3.71   3.10   1.34   1.60   1.63   2.78   2.33   3.62   1.53   2.97   1.43
 1.22   1.31   1.40   1.67   1.75   3.62   3.47   3.62   1.25   1.43   1.00   2.72   2.33
 1.22   1.20   1.34   1.28   1.10   1.15   1.31   1.12   1.22   1.40   1.17   1.95   2.04
 1.22   1.22   1.28   1.22   1.17   1.15   1.28   1.15   1.34   1.25   1.20   1.22   1.28
 1.22   1.22   1.22   1.22   1.22   1.22   1.22   1.22   1.22   1.22   1.22   1.22   1.22

 1.16   1.69   1.78   2.54   1.27   0.43   3.01  12.46  14.26   3.88   6.48   4.85   4.75
 2.15   1.26   0.89   1.53   0.25   1.78   2.11   4.09   7.38  10.02  10.84   4.78   7.28
 4.27   0.03   4.42   1.32   1.25   1.78   4.26   5.03   7.12   6.72  10.14   6.61   8.69
 1.02   5.38   1.51   0.14   0.14   3.76   0.19   5.62   6.65   6.58   7.16   6.70  10.26
 3.52   2.23   2.49   2.29   1.03   1.16   1.37   7.49   6.06   8.23   8.45   8.29  12.30
 2.65   3.71   0.93   1.64   0.83   4.92   3.11   6.85   9.10   9.60   7.87   4.99   4.32
 5.15   3.33   1.96   1.90   1.26   0.05   5.04   1.60   0.04   0.03   2.32   1.13   6.19
 1.95   1.95   1.95   1.95   1.95   1.95   1.95   1.95   1.95   1.95   1.95   1.95   1.95
 1.95   1.95   1.95   1.95   1.95   1.95   1.95   1.95   1.95   1.95   1.95   1.95   1.95
 1.95   1.95   1.95   1.95   1.95   1.95   1.95   1.95   1.95   1.95   1.95   1.95   1.95
 1.95   1.95   1.95   1.95   1.95   1.95   1.95   1.95   1.95   1.95   1.95   1.95   1.95
 1.40   0.13   1.20   1.32   0.57   0.97   0.88   0.06   0.06   0.12   3.43   1.25   2.47
 1.40   1.40   0.04   1.66   1.27   1.20   0.06   0.08   1.25   0.88   0.25   1.38   0.91
 1.40   1.40   1.40   1.40   1.40   1.40   1.40   1.40   1.40   1.40   1.40   1.40   1.40

 2.03   1.08   1.80   0.23   1.51   1.00   1.78   2.53   9.99   3.65   2.88   5.83   2.31
 1.50   1.80   1.09   0.15   0.09   0.89   0.14   3.89   4.87   6.53   5.02   1.99   3.62
 1.87   1.97   1.71   1.47   1.59   1.28   1.25  10.96   1.92   1.95   5.12  11.61   6.37
 0.06   0.21   1.54   1.55   0.91   0.82   1.71   3.68   3.90   4.02   3.67   4.98   8.04
 1.64   1.57   1.07   1.22   1.11   1.00   0.97   4.10   5.79   3.49   6.09   1.88   4.23
 1.54   1.03   1.43   1.19   1.20   1.40   0.08  12.00   7.16   7.07   1.73   1.82   7.06
 1.47   1.34   0.85   1.19   1.62   1.18   0.38   1.97   0.63   0.77   1.01   1.37   1.66
 1.95   1.95   1.95   1.95   1.95   1.95   1.95   1.95   1.95   1.95   1.95   1.95   1.95
 1.95   1.95   1.95   1.95   1.95   1.95   1.95   1.95   1.95   1.95   1.95   1.95   1.95
 1.95   1.95   1.95   1.95   1.95   1.95   1.95   1.95   1.95   1.95   1.95   1.95   1.95
 1.95   1.95   1.95   1.95   1.95   1.95   1.95   1.95   1.95   1.95   1.95   1.95   1.95
 1.60   0.87   1.59   0.88   1.66   1.75   0.83   1.58   1.65   0.57   0.95   0.90   1.74
 1.60   1.60   1.18   1.75   0.06   0.24   1.76   1.52   0.28   1.70   1.16   0.29   0.98
 1.60   1.60   1.60   1.60   1.60   1.60   1.60   1.60   1.60   1.60   1.60   1.60   1.60

 1.44   1.27   1.06   1.30   1.86   2.28   0.25   0.89  10.24   1.96   4.68   1.04   3.31
 0.85   1.13   0.83   2.66   1.12   1.26   0.88   1.00   2.87   3.73   0.83   0.87   3.90
 1.38   0.87   0.23   2.83   1.80   1.83   1.53   7.31   1.33   1.33   2.97   1.44   8.22
 2.53   0.79   1.02   1.26   1.86   0.46   0.75  11.33   0.19   0.83   9.06  12.26   5.05
 2.05   1.04   1.25   0.16   2.22   1.34   0.82   1.96   1.82   1.74   6.68  10.42   0.81
 1.39   1.50   1.04   1.08   1.16   0.95   1.10  10.96   2.71  12.43   6.87   8.00   5.36
 1.30   1.01   2.52   0.17   1.27   2.66   1.08   1.11   2.73   1.14   2.63   1.63   2.95
 1.95   1.95   1.95   1.95   1.95   1.95   1.95   1.95   1.95   1.95   1.95   1.95   1.95
 1.95   1.95   1.95   1.95   1.95   1.95   1.95   1.95   1.95   1.95   1.95   1.95   1.95
 1.95   1.95   1.95   1.95   1.95   1.95   1.95   1.95   1.95   1.95   1.95   1.95   1.95
 1.95   1.95   1.95   1.95   1.95   1.95   1.95   1.95   1.95   1.95   1.95   1.95   1.95
 1.95   1.95   1.95   1.95   1.95   1.95   1.95   1.95   1.95   1.95   1.95   1.95   1.95
 1.53   1.53   1.45   2.98   4.30   1.48   1.50   1.50   2.18   1.72   2.07   2.88   3.46
 1.53   1.53   1.53   1.53   1.53   1.53   1.53   1.53   1.53   1.53   1.53   1.53   1.53

 3.54   1.91   3.94   1.91   1.81   3.43   4.09   4.65   1.53   4.50   3.37   4.97   1.29
 1.43   3.79   1.10   2.52   1.94   3.35   3.31   1.47   5.71   6.24   1.71  10.39   1.65
 1.91   3.01   1.17   1.60   2.17   2.67   2.29   5.03   3.86   1.50   1.34   5.50   2.45
 2.46   1.52   1.25   2.23   2.67   2.01   1.43   6.68   1.13   2.38   5.44  13.16   9.39
 1.72   2.83   1.84   4.16   1.69   1.32   3.05   2.09   3.49   1.15   3.97   3.62   1.43
 3.87   2.17   1.47   3.72   1.34   1.90   1.16   1.65   1.18   1.92   1.81   2.36   7.42
 2.09   3.09   3.41   3.15   1.09   1.16   1.79   1.56   3.91   3.84   2.41   4.04   9.04
 1.56   1.56   1.56   1.56   1.56   1.56   1.56   1.56   1.56   1.56   1.56   1.56   1.56
 1.95   1.95   1.95   1.95   1.95   1.95   1.95   1.95   1.95   1.95   1.95   1.95   1.95
 1.95   1.95   1.95   1.95   1.95   1.95   1.95   1.95   1.95   1.95   1.95   1.95   1.95
 1.95   1.95   1.95   1.95   1.95   1.95   1.95   1.95   1.95   1.95   1.95   1.95   1.95
 1.95   1.95   1.95   1.95   1.95   1.95   1.95   1.95   1.95   1.95   1.95   1.95   1.95
 1.53   0.08   2.08   0.81   1.44   1.61   0.89   3.02   3.51   2.23   1.61   1.13   1.45
 1.53   1.53   0.08   0.08   0.08   0.08   0.08   0.08   0.08   0.08   0.08   0.08   0.08

 1.92   1.64   1.72   2.12   1.95   1.74   1.93   3.14   8.47   2.70   4.62   9.53  10.60
 1.64   1.91   2.27   1.89   1.91   1.82   1.59   1.98   1.69   4.11   3.71   6.18  16.11
 1.85   1.84   1.75   2.34   1.63   2.48   2.70  20.68  12.51   2.19   6.14   4.50   8.42
 1.65   2.39   2.13   2.38   2.16   2.60   1.69  16.70   1.87   4.60  13.83   2.22  11.72
 2.39   2.19   1.89   2.17   2.00   2.50   2.01   7.32   4.19   3.02   4.06   2.13   7.07
 1.72   2.19   1.75   1.70   1.90   2.11   2.28   4.21   6.71   2.15   7.55  17.30   2.13
 2.18   1.96   1.79   1.82   1.95   2.29   2.26   2.61   1.75   2.59   1.69   2.44   6.69
 1.56   1.56   1.56   1.56   1.56   1.56   1.56   1.56   1.56   1.56   1.56   1.56   1.56
 1.95   1.95   1.95   1.95   1.95   1.95   1.95   1.95   1.95   1.95   1.95   1.95   1.95
 1.95   1.95   1.95   1.95   1.95   1.95   1.95   1.95   1.95   1.95   1.95   1.95   1.95
 1.95   1.95   1.95   1.95   1.95   1.95   1.95   1.95   1.95   1.95   1.95   1.95   1.95
 1.95   1.95   1.95   1.95   1.95   1.95   1.95   1.95   1.95   1.95   1.95   1.95   1.95
 0.18   1.15   1.54   1.57   2.31   1.41   1.13   1.96   2.18   1.64   1.81   0.02   0.14
 0.97   1.17   1.08   0.82   1.16   0.19   2.15   1.69   1.14   0.84   1.39   0.01   0.87

 1.22   1.32   2.49   2.43   3.00   2.86   2.33   5.01  11.69 164.81 119.23  87.58  51.92
 1.22   1.12   3.16   1.36   4.50   1.31   0.98   8.63 184.10   3.53 102.04   5.14   5.90
 1.58   1.91   3.62   3.47   3.95   1.02   4.00  39.46   3.22   8.07   7.60  41.88 201.13
 1.23   1.97   0.90   2.12   2.25   0.98   4.28   8.13 113.24  10.24 161.35   3.87  19.93
 1.26   3.72   1.00   1.73   1.50   1.93   1.52  14.10   7.47   7.95  29.92   6.07  27.69
 2.68   3.76   1.13   3.94   2.56   2.52   2.53   3.17   3.82   3.48  12.12   5.90   3.81
 0.93   3.09   1.61   4.28   1.02   1.01   3.13   1.33   2.49   1.20   2.60   2.14  73.25
 1.56   1.56   1.56   1.56   1.56   1.56   1.56   1.56   1.56   1.56   1.56   1.56   1.56
 1.56   1.56   1.56   1.56   1.56   1.56   1.56   1.56   1.56   1.56   1.56   1.56   1.56
 1.95   1.95   1.95   1.95   1.95   1.95   1.95   1.95   1.95   1.95   1.95   1.95   1.95
 1.95   1.95   1.95   1.95   1.95   1.95   1.95   1.95   1.95   1.95   1.95   1.95   1.95
 1.95   1.95   1.95   1.95   1.95   1.95   1.95   1.95   1.95   1.95   1.95   1.95   1.95
 0.03   2.04   2.08   1.86   1.56   1.90   0.41   2.14   0.89   1.09   1.34   1.09   1.78
 0.97   1.67   0.18   0.21   2.07   1.10   1.87   0.04   0.16   0.18   0.02   0.09   0.93

 1.95   2.47   2.57  10.40  16.84   6.67  16.37  10.33   8.57   8.80  23.37  10.69   7.12
 3.79   1.87  10.13  14.35   4.46   2.52  12.85  11.25  30.44  34.27  12.24   8.08  16.63
 2.43   1.17  12.80   3.36   9.31   2.15   2.43  26.27  34.08   6.29   8.02   8.13   7.63
 2.43   1.08  12.77   1.13  17.23   4.31   1.95  20.91  12.09   5.20   8.19  17.75  14.30
 3.04   2.91   6.15   1.43   6.89  17.46   4.73  23.05  12.38  10.20  25.45  25.53  25.11
 1.95   2.60   3.29   3.70  14.64   9.72   3.79  15.05   6.93   8.81   7.06  29.76  17.26
 2.53   4.76   6.87   2.01   1.05  11.45   2.43   1.41   0.95   7.19   8.24   1.00   8.48
 2.43   2.43   2.43   2.43   2.43   2.43   2.43   2.43   2.43   2.43   2.43   2.43   2.43
 1.56   1.56   1.56   1.56   1.56   1.56   1.56   1.56   1.56   1.56   1.56   1.56   1.56
 1.95   1.95   1.95   1.95   1.95   1.95   1.95   1.95   1.95   1.95   1.95   1.95   1.95
 1.95   1.95   1.95   1.95   1.95   1.95   1.95   1.95   1.95   1.95   1.95   1.95   1.95
 1.95   1.95   1.95   1.95   1.95   1.95   1.95   1.95   1.95   1.95   1.95   1.95   1.95
 1.95   1.95   1.95   1.95   1.95   1.95   1.95   1.95   1.95   1.95   1.95   1.95   1.95
 0.06   0.83   0.14   0.01   1.14   0.92   0.17   1.11   0.05   0.94   0.01   0.02   0.01

 5.75  10.43   0.30   1.00  10.37   5.24   0.90  10.78   9.07  11.89   8.46   7.74  10.87
 1.38   4.98   1.33   4.65   1.12   2.45   1.12   8.56   6.54   8.57   9.60  13.73  12.07
 1.79  10.21   8.04   2.28   0.86   2.54   2.39  12.43   8.40   6.33   9.31  13.30   8.31
 9.58   4.44   0.12   2.91   7.22   1.78   7.04  13.85   7.32  12.83  12.73  12.01   8.98
 2.29   4.17   1.28   6.40   4.56   3.52   4.71   8.93   8.28  11.89   9.02   7.20  14.12
 9.69   9.68   0.55   2.20   0.21   1.00   1.76   9.76  13.09   6.29   9.19  10.62   7.81
 5.97   0.89   5.50   1.51   2.62   7.34   0.92   4.01   5.41   1.64   5.07   6.76   8.36
 2.43   2.43   2.43   2.43   2.43   2.43   2.43   2.43   2.43   2.43   2.43   2.43   2.43
 1.56   1.56   1.56   1.56   1.56   1.56   1.56   1.56   1.56   1.56   1.56   1.56   1.56
 1.95   1.95   1.95   1.95   1.95   1.95   1.95   1.95   1.95   1.95   1.95   1.95   1.95
 1.95   1.95   1.95   1.95   1.95   1.95   1.95   1.95   1.95   1.95   1.95   1.95   1.95
 1.95   1.95   1.95   1.95   1.95   1.95   1.95   1.95   1.95   1.95   1.95   1.95   1.95
 1.95   1.95   1.95   1.95   1.95   1.95   1.95   1.95   1.95   1.95   1.95   1.95   1.95
 0.02   0.01   0.20   0.02   0.01   0.07   0.02   0.10   0.17   0.03   0.12   0.02   0.04

 2.43   3.79   5.90   5.90   5.90   5.90   5.90   5.90   5.90   5.90   9.18   9.18   2.43
 3.79   5.90   5.90   5.90   5.90   5.90   5.90   5.90   5.90   5.90   5.90   5.90   5.90
 2.43   3.79   5.90   5.90   5.90   5.90   5.90   5.90   5.90   5.90   5.90   5.90   3.79
 2.43   3.79   5.90   5.90   5.90   5.90   5.90   5.90   5.90   5.90   5.90   5.90   3.04
 2.43   3.79   5.90   5.90   5.90   5.90   5.90   5.90   5.90   5.90   5.90   5.90   5.90
 1.56   2.43   3.79   5.90   5.90   5.90   5.90   5.90   5.90   5.90   5.90   5.90   9.18
 1.56   2.43   3.79   3.79   3.79   3.79   3.79   5.90   5.90   5.90   5.90   9.18   9.18
 1.00   1.56   2.43   2.43   2.43   3.79   3.79   3.79   3.79   3.79   3.79   5.90   5.90
 0.09   1.00   1.56   1.56   1.56   1.56   1.56   2.43   2.43   2.43   2.43   3.79   3.79
 0.09   0.09   1.00   1.56   1.56   1.56   1.56   1.56   1.56   1.56   2.43   2.43   2.43
 0.09   0.09   0.09   1.00   1.00   1.00   1.00   1.00   1.00   1.00   1.56   1.56   1.56
 0.09   0.09   0.09   0.09   0.09   0.09   0.09   1.00   1.00   1.00   1.00   1.00   1.56
 0.01   0.09   0.09   0.09   0.09   0.09   0.09   0.09   0.09   0.09   1.00   1.00   1.00
 0.01   0.09   0.09   0.09   0.09   0.09   0.09   0.09   0.09   0.09   0.09   0.09   1.00

 1.56   1.56   1.56   1.56   1.56   1.56   1.56   1.56   1.56   1.56   1.56   1.56   1.56
 1.56   1.56   1.00   1.00   1.00   1.00   1.00   1.00   1.00   1.00   1.00   1.00   1.00
 1.25   1.25   1.00   1.00   1.00   1.00   1.00   1.00   1.00   1.00   1.00   1.00   1.00
 1.25   1.25   1.00   1.00   1.00   1.00   1.00   1.00   1.00   1.00   1.00   1.00   0.09
 1.25   1.25   1.25   1.25   1.25   1.25   1.25   1.25   1.25   1.25   1.25   1.25   1.00
 1.25   1.25   1.25   1.56   1.56   1.56   1.56   1.56   1.56   1.56   1.56   1.56   1.56
 1.00   1.00   1.00   1.56   1.56   1.56   1.56   1.56   1.56   1.56   1.56   1.56   2.43
 1.00   1.00   1.00   1.00   1.56   1.56   1.56   1.56   1.56   1.56   1.56   1.56   1.56
 1.00   1.00   1.00   1.00   1.00   1.56   1.56   1.56   1.56   1.56   1.56   1.56   1.56
 0.09   1.00   1.00   1.00   1.00   1.00   1.00   1.00   1.00   1.00   1.00   1.00   1.00
 0.09   0.09   0.09   0.09   0.09   0.09   0.09   1.00   1.00   1.00   1.00   1.00   1.00
 0.09   0.09   0.09   0.09   0.09   0.09   0.09   0.09   0.09   0.09   0.09   0.09   0.09
 0.01   0.09   0.09   0.09   0.09   0.09   0.09   0.09   0.09   0.09   0.09   0.09   0.09
 0.01   0.01   0.09   0.09   0.09   0.09   0.09   0.09   0.09   0.09   0.09   0.09   0.09


***********************************************************************
** OIL PVT DATA INPUT : DATA EXTRACTED FROM VOIDAGE BALANCE PROGRAM - *
**                      WELL 10-32-109-8W6M                           *
***********************************************************************
*MODEL  *BLACKOIL
*TRES    91.1

** OIL PVT DATA INPUT : DATA EXTRACTED FROM VOIDAGE BALANCE PROGRAM
**                      OCT 1990
*PVT   *BG
**       P        RS        BO      BG        VO      VG       CO
      5096.0     60.90    1.248   0.02055   0.607   0.01320   2.253E-6
      6696.0     72.90    1.279   0.01785   0.552   0.01370   2.253E-6
      8396.0     85.70    1.313   0.01358   0.502   0.01426   2.253E-6
      9996.0     98.20    1.346   0.01127   0.460   0.01485   2.253E-6
     11696.0    111.80    1.383   0.00943   0.422   0.01547   2.253E-6
     13296.0    125.00    1.418   0.00812   0.389   0.01606   2.253E-6
     14096.0    131.90    1.436   0.00763   0.373   0.01639   2.253E-6
     14996.0    140.00    1.457   0.00727   0.357   0.01681   2.253E-6
     15796.0    147.20    1.477   0.00704   0.343   0.01719   2.253E-6
     16609.0    154.60    1.498   0.00631   0.329   0.01758   2.253E-6
     17296.0    161.10    1.508   0.00606   0.318   0.01790   2.253E-6
     17996.0    166.60    1.523   0.00582   0.307   0.01823   2.253E-6
     18696.0    172.10    1.538   0.00560   0.296   0.01858   2.253E-6
     19396.0    177.50    1.554   0.00540   0.285   0.01893   2.253E-6
     20796.0    188.30    1.584   0.00504   0.266   0.01964   2.253E-6

   *DENSITY  *OIL      817.2
   *DENSITY  *GAS      0.901
   *DENSITY  *WATER    1218.0

   *CVO      1.621E-5
   *BWI      1.0304
   *CW       3.5E-07
   *REFPW    17400
   *VWI      0.5259
   *CVW      0.0


   *****************************************************
   *ROCKFLUID
   ***************************
   ** MATRIX REL PERM TABLES *
   ***************************

   *RPT  1
   *SWT
   **          SW       KRW        KROW      PCWO    SORM
             0.10     0.00000     0.83400     0.0
             0.13     0.00767     0.66241     0.0
             0.16     0.01681     0.56221     0.0
             0.19     0.02712     0.46967     0.0
             0.22     0.03859     0.38477     0.0
             0.25     0.05123     0.30753     0.0
             0.28     0.06503     0.23795     0.0
             0.31     0.07999     0.17601     0.0
             0.34     0.09612     0.12173     0.0
             0.37     0.11341     0.07510     0.0
             0.40     0.13186     0.03613     0.0
             0.43     0.15148     0.02064     0.0
             0.46     0.17226     0.01180     0.0
             0.52     0.21732     0.00385     0.0
             0.55     0.24159     0.00220     0.0
             0.58     0.26703     0.00126     0.0
             0.61     0.29363     0.00023     0.0
             0.67     0.35032     0.00013     0.0
             0.70     0.38600     0.00000     0.0
             1.00     1.00000     0.00000     0.0

   ** GAS-OIL SATURATION FUNCTIONS INPUT
   **         ORIGINAL GAS CURVE
   *SGT
   **         SG        KRG         KROG      PCGO    SORM
            0.00      0.00000      0.83400     0.0
            0.05      0.00000      0.76380     0.0
            0.08      0.01979      0.55657     0.0
            0.11      0.04037      0.40513     0.0
            0.14      0.06310      0.29075     0.0
            0.17      0.08739      0.20672     0.0
            0.20      0.11277      0.14697     0.0
            0.23      0.13886      0.10608     0.0
            0.26      0.16538      0.07926     0.0
            0.32      0.21915      0.05193     0.0
            0.35      0.24636      0.04508     0.0
            0.38      0.27392      0.03961     0.0
            0.43      0.33116      0.02719     0.0
            0.46      0.36160      0.02191     0.0
            0.49      0.39395      0.01665     0.0
            0.52      0.42884      0.01266     0.0
            0.55      0.46702      0.00962     0.0
            0.58      0.50933      0.00300     0.0
            0.61      0.55673      0.00000     0.0   

   *RTYPE  *CON  1

   ********************************
   ** INITIAL CONDITIONS SECTION  *
   ********************************
   *INITIAL
   *VERTICAL ON   

   *PB   *MATRIX    *CON  16609.0

   *REFPRES   17487.0
   *REFDEPTH   1987.6
   *DGOC       1974.6
   *DWOC       1990.6
   *DATUMDEPTH 1987.6  *REFDENSITY *GRIDBLOCK   


   ***************************
   ** NUMERICAL CONTROL DATA *
   ***************************
   *NUMERICAL
   *MAXSTEPS        1000
   *DTMAX           92.0
   *NORM  *PRESS    7000         **MAX PRES CHANGE IN TS
   *NORM  *SATUR    0.20         **MAX SATN CHANGE IN TS
   *MAXCHANGE *PRESS 10000.0
   *MAXCHANGE *SATUR 0.50
   *AIM   *STAB
   **AIM   *THRESH   0.25   0.25 **DEFAULT THRESHOLDS
   *CONVERGE  *PRESS  10.0       **CONVERGENCE TOL FOR PRESS
   *CONVERGE  *SATUR  0.005      **CONVERGENCE TOL FOR SATN
   *NCUTS           8            **DEFAULT IS 4 TS CUTS


   ****************************
   ** RECURRENT DATA SECTION  *
   ****************************
   *RUN   

   *DATE 1995 01 01
   *DTWELL   0.025      **DEFAULT VALUE (CART GRIDS)
   *AIMSET   *MATRIX    *CON  0   **DEFAULT IS 0 (EXPLICIT)
   *AIMWELL   *WELLNN   **DEFAULT WELLN   

   *WELL 1 'PRODUCER'
   *PRODUCER 1
   *OPERATE   *MAX   *STO     200
   *OPERATE   *MIN   *BHP    10000    *CONT   *REPEAT
   *MONITOR   *GOR   10000   *STOP
   *MONITOR   *WCUT  0.98    *STOP

   *PERF  1
   ** if       jf       kf        wi 
      7        3:12      9        5.0e+04

   *WELL  2  'GASINJ'   *VERT  13  1
   *INJECTOR  *MOBWEIGHT   2
   *INCOMP    *GAS
   *OPERATE   *MAX   *STG    35000.0
   *OPERATE   *MAX   *BHP    25000.0   *STOP
   *MONITOR   *BACKFLOW      *STOP
   **                   rad   geofac  wfrac  skin
   *GEOMETRY  *K       0.077    0.34   1.0    0.0
   *PERFV     *GEO     2
   **  kf      ff
       1       1   

   ***************************************************************
   *ALTER  1      2
       100. 30000.0

   *DATE  1995  01  02   

   *ALTER  1      2
       120. 35000.0

   *DATE  1995  01  03
   *STOP
***************************************************************
** ADD DATE CARDS TO CONTINUE THE RUN
***************************************************************
