********************************************************************************
** mxsmo016.dat:          Model With Oilwet Stone 1 Relative Permeability     **                 
********************************************************************************
**************************************************************************************
**                                                                                  **
** FILE:  MXSMO016.DAT                                                              **
**                                                                                  **
** MODEL: VARI 13x14x11 GRIDS             SI UNIT          10 SECTORS               **
**        USER INPUT INITIALIZATION       25 WATER PRODUCERS AND 12 OIL INJECTORS   **        
**        LINEAR-ISOPERM MODEL TO COMPUTE Kro.                                      **
**************************************************************************************
**                                                                                  **
** This data set tests the OILWET option using Stone 1 relative permeability model. **                                                             **
**                                                                                  **
**************************************************************************************
** CONTACT:    CMG,   (403)531-1300;   282-6495 (fax);support@cmgl.ca    (Internet) **
**************************************************************************************                                

RESULTS SIMULATOR IMEX

*FILENAME *OUTPUT *INDEX-OUT *MAIN-RESULTS-OUT

******************************************************
************ INPUT/OUTPUT CONTROL GROUP
******************************************************

*TITLE1
 'IMEX OILWET data set.'
*TITLE2
 'Test OILWET relative permeability option'
*TITLE3
 'Using linear-isoperm option'
*CASEID
 'MXSMO016'

*INUNIT   *SI

*WPRN        *WELL   *TIME
*WPRN        *GRID   *TIME     
*OUTPRN      *GRID      *SG  *SO   *SW       
*OUTPRN      *WELL      *ALL  
*OUTPRN      *TABLES    *ALL
*OUTPRN      *RES       *ALL

*WSRF        *WELL      1
*WSRF        *GRID      *TIME
*OUTSRF      *WELL      *ALL  
*OUTSRF      *RES       *ALL
*OUTSRF      *GRID      *ALL    


******************************************************
************** RESERVOIR DESCRIPTION KEYWORD GROUP
******************************************************

*GRID    *VARI  13 14 11
*KDIR    *UP

** GRID BLOCKS IN ALL DIRECTIONS
*DI  *IVAR
 175 140 115 180 200 130 135 140 165 100 165 305 215

*DJ  *JVAR
 265 160 105 120 130 115 135 135 160 175 155 240 315 280

*DK  *KVAR
  10 15  25  10  10  5   10  10  20  10  5

*DTOP
   3105   3105   3105   3105   3105   3105   3105   3105   3105   3105   3105   3105   3105
   3113   3113   3113   3113   3113   3113   3113   3113   3113   3113   3113   3113   3113
   3121   3121   3121   3121   3121   3121   3121   3121   3121   3121   3121   3121   3121
   3130   3130   3130   3130   3130   3130   3130   3130   3130   3130   3130   3130   3130
   3138   3138   3138   3138   3138   3138   3138   3138   3138   3138   3138   3138   3138
   3147   3147   3147   3147   3147   3147   3147   3147   3147   3147   3147   3147   3147
   3155   3155   3155   3155   3155   3155   3155   3155   3155   3155   3155   3155   3155
   3180   3180   3180   3180   3180   3180   3180   3180   3180   3180   3180   3180   3180
   3205   3205   3205   3205   3205   3205   3205   3205   3205   3205   3205   3205   3205
   3222   3222   3222   3222   3222   3222   3222   3222   3222   3222   3222   3222   3222
   3239   3239   3239   3239   3239   3239   3239   3239   3239   3239   3239   3239   3239
   3255   3255   3255   3255   3255   3255   3255   3255   3255   3255   3255   3255   3255
   3280   3280   3280   3280   3280   3280   3280   3280   3280   3280   3280   3280   3280
   3305   3305   3305   3305   3305   3305   3305   3305   3305   3305   3305   3305   3305

*POR *ALL

** LAYER 1
 0.2353 0.2338 0.0000 0.0000 0.0000 0.0000 0.0000 0.0000 0.0000 0.0000 0.0000 0.0000 0.0000
 0.1845 0.2051 0.2293 0.2448 0.0000 0.0000 0.0000 0.0000 0.0000 0.0000 0.0000 0.0000 0.0000
 0.1737 0.2060 0.2032 0.2615 0.2724 0.0000 0.0000 0.0000 0.0000 0.0000 0.0000 0.0000 0.0000
 0.2493 0.2341 0.2019 0.2410 0.2774 0.2161 0.0000 0.0000 0.0000 0.0000 0.0000 0.0000 0.0000
 0.2429 0.2609 0.2377 0.2562 0.2879 0.2602 0.2299 0.0000 0.0000 0.0000 0.0000 0.0000 0.0000
 0.2096 0.2020 0.2072 0.2249 0.2389 0.2596 0.2346 0.2237 0.0000 0.0000 0.0000 0.0000 0.0000
 0.1999 0.1967 0.1941 0.2036 0.2178 0.2487 0.2354 0.2330 0.1875 0.1970 0.0000 0.0000 0.0000
 0.1884 0.1823 0.1622 0.1874 0.1679 0.2200 0.2483 0.2239 0.1990 0.1950 0.1730 0.0000 0.0000
 0.0000 0.1751 0.1640 0.1585 0.1788 0.1815 0.1822 0.1881 0.1836 0.1639 0.1507 0.0000 0.0000
 0.0000 0.0000 0.1579 0.0000 0.0000 0.0000 0.1415 0.1731 0.1488 0.1705 0.0000 0.0000 0.0000
 0.0000 0.0000 0.0000 0.0000 0.0000 0.0000 0.0000 0.1648 0.1527 0.1447 0.0000 0.0000 0.0000
 0.0000 0.0000 0.0000 0.0000 0.0000 0.0000 0.0000 0.0000 0.0000 0.0000 0.0000 0.0000 0.0000
 0.0000 0.0000 0.0000 0.0000 0.0000 0.0000 0.0000 0.0000 0.0000 0.0000 0.0000 0.0000 0.0000
 0.0000 0.0000 0.0000 0.0000 0.0000 0.0000 0.0000 0.0000 0.0000 0.0000 0.0000 0.0000 0.0000
** LAYER 2
 0.2803 0.0000 0.0000 0.0000 0.0000 0.0000 0.0000 0.0000 0.0000 0.0000 0.0000 0.0000 0.0000
 0.2525 0.2561 0.2573 0.2498 0.0000 0.0000 0.0000 0.0000 0.0000 0.0000 0.0000 0.0000 0.0000
 0.2337 0.2520 0.2472 0.2745 0.2624 0.0000 0.0000 0.0000 0.0000 0.0000 0.0000 0.0000 0.0000
 0.2603 0.2591 0.2379 0.2610 0.2694 0.2281 0.0000 0.0000 0.0000 0.0000 0.0000 0.0000 0.0000
 0.0000 0.2699 0.2307 0.2402 0.2799 0.2642 0.2449 0.0000 0.0000 0.0000 0.0000 0.0000 0.0000
 0.0000 0.0000 0.2122 0.2179 0.2449 0.2576 0.2476 0.2417 0.0000 0.0000 0.0000 0.0000 0.0000
 0.0000 0.0000 0.2171 0.2086 0.2178 0.2267 0.2274 0.2470 0.0000 0.0000 0.0000 0.0000 0.0000
 0.0000 0.0000 0.1942 0.2104 0.0000 0.0000 0.0000 0.0000 0.0000 0.0000 0.0000 0.0000 0.0000
 0.0000 0.0000 0.0000 0.0000 0.0000 0.0000 0.0000 0.0000 0.0000 0.0000 0.0000 0.0000 0.0000
 0.0000 0.0000 0.0000 0.0000 0.0000 0.0000 0.0000 0.0000 0.0000 0.0000 0.0000 0.0000 0.0000
 0.0000 0.0000 0.0000 0.0000 0.0000 0.0000 0.0000 0.0000 0.0000 0.0000 0.0000 0.0000 0.0000
 0.0000 0.0000 0.0000 0.0000 0.0000 0.0000 0.0000 0.0000 0.0000 0.0000 0.0000 0.0000 0.0000
 0.0000 0.0000 0.0000 0.0000 0.0000 0.0000 0.0000 0.0000 0.0000 0.0000 0.0000 0.0000 0.0000
 0.0000 0.0000 0.0000 0.0000 0.0000 0.0000 0.0000 0.0000 0.0000 0.0000 0.0000 0.0000 0.0000
** LAYER 3
 0.2753 0.2538 0.0000 0.0000 0.0000 0.0000 0.0000 0.0000 0.0000 0.0000 0.0000 0.0000 0.0000
 0.2475 0.2581 0.2593 0.2282 0.0000 0.0000 0.0000 0.0000 0.0000 0.0000 0.0000 0.0000 0.0000
 0.2187 0.2570 0.2482 0.2665 0.2474 0.0000 0.0000 0.0000 0.0000 0.0000 0.0000 0.0000 0.0000
 0.2253 0.2491 0.2339 0.2390 0.2484 0.2021 0.0000 0.0000 0.0000 0.0000 0.0000 0.0000 0.0000
 0.2379 0.2459 0.2077 0.2194 0.2569 0.2352 0.2149 0.0000 0.0000 0.0000 0.0000 0.0000 0.0000
 0.2156 0.2020 0.1962 0.1989 0.2249 0.2286 0.2176 0.2147 0.0000 0.0000 0.0000 0.0000 0.0000
 0.2189 0.2147 0.2051 0.2066 0.2278 0.2207 0.2124 0.2260 0.1805 0.1920 0.0000 0.0000 0.0000
 0.2034 0.2033 0.1882 0.2114 0.1899 0.2180 0.2203 0.2259 0.2090 0.2020 0.1860 0.0000 0.0000
 0.0000 0.2041 0.1930 0.1845 0.2078 0.1995 0.1942 0.2031 0.2056 0.1849 0.1787 0.2563 0.0000
 0.0000 0.1849 0.1869 0.0000 0.2062 0.1978 0.1685 0.2031 0.1818 0.2125 0.1967 0.0000 0.0000
 0.0000 0.0000 0.0000 0.0000 0.0000 0.1708 0.1674 0.1948 0.1927 0.1847 0.0000 0.0000 0.0000
 0.0000 0.0000 0.0000 0.0000 0.0000 0.0000 0.0000 0.0000 0.1798 0.1799 0.0000 0.0000 0.0000
 0.0000 0.0000 0.0000 0.0000 0.0000 0.0000 0.0000 0.0000 0.0000 0.0000 0.0000 0.0000 0.0000
 0.0000 0.0000 0.0000 0.0000 0.0000 0.0000 0.0000 0.0000 0.0000 0.0000 0.0000 0.0000 0.0000
** LAYER 4
 0.2703 0.0000 0.0000 0.0000 0.0000 0.0000 0.0000 0.0000 0.0000 0.0000 0.0000 0.0000 0.0000
 0.2525 0.2681 0.2593 0.2408 0.0000 0.0000 0.0000 0.0000 0.0000 0.0000 0.0000 0.0000 0.0000
 0.2237 0.2810 0.2682 0.2745 0.0000 0.0000 0.0000 0.0000 0.0000 0.0000 0.0000 0.0000 0.0000
 0.2203 0.2791 0.2839 0.2740 0.2514 0.0000 0.0000 0.0000 0.0000 0.0000 0.0000 0.0000 0.0000
 0.2379 0.2709 0.2647 0.2902 0.2649 0.2352 0.2149 0.0000 0.0000 0.0000 0.0000 0.0000 0.0000
 0.2256 0.2340 0.2492 0.2729 0.2349 0.2276 0.2126 0.2137 0.0000 0.0000 0.0000 0.0000 0.0000
 0.2349 0.2427 0.2491 0.2606 0.2358 0.2187 0.2074 0.2240 0.1795 0.0000 0.0000 0.0000 0.0000
 0.0000 0.0000 0.0000 0.0000 0.1999 0.2180 0.2153 0.2139 0.1840 0.2030 0.0000 0.0000 0.0000
 0.0000 0.0000 0.0000 0.0000 0.0000 0.0000 0.0000 0.1801 0.1786 0.1769 0.1887 0.2563 0.0000
 0.0000 0.0000 0.0000 0.0000 0.0000 0.0000 0.0000 0.0000 0.0000 0.0000 0.2397 0.0000 0.0000
 0.0000 0.0000 0.0000 0.0000 0.0000 0.0000 0.0000 0.0000 0.0000 0.0000 0.0000 0.0000 0.0000
 0.0000 0.0000 0.0000 0.0000 0.0000 0.0000 0.0000 0.0000 0.0000 0.0000 0.0000 0.0000 0.0000
 0.0000 0.0000 0.0000 0.0000 0.0000 0.0000 0.0000 0.0000 0.0000 0.0000 0.0000 0.0000 0.0000
 0.0000 0.0000 0.0000 0.0000 0.0000 0.0000 0.0000 0.0000 0.0000 0.0000 0.0000 0.0000 0.0000
** LAYER 5
 0.2703 0.0000 0.0000 0.0000 0.0000 0.0000 0.0000 0.0000 0.0000 0.0000 0.0000 0.0000 0.0000
 0.2725 0.2631 0.2343 0.1848 0.0000 0.0000 0.0000 0.0000 0.0000 0.0000 0.0000 0.0000 0.0000
 0.2437 0.3052 0.2382 0.2325 0.0000 0.0000 0.0000 0.0000 0.0000 0.0000 0.0000 0.0000 0.0000
 0.1903 0.2441 0.2199 0.2160 0.2084 0.0000 0.0000 0.0000 0.0000 0.0000 0.0000 0.0000 0.0000
 0.2049 0.2139 0.1807 0.1852 0.2169 0.2122 0.2083 0.0000 0.0000 0.0000 0.0000 0.0000 0.0000
 0.1906 0.1800 0.1742 0.1859 0.1899 0.2066 0.2066 0.2117 0.0000 0.0000 0.0000 0.0000 0.0000
 0.2049 0.2037 0.1991 0.2056 0.2178 0.2027 0.1974 0.2210 0.1695 0.0000 0.0000 0.0000 0.0000
 0.2154 0.2073 0.1882 0.2134 0.1829 0.2020 0.2015 0.2339 0.2140 0.1650 0.0000 0.0000 0.0000
 0.0000 0.2071 0.1960 0.1865 0.2078 0.2065 0.2042 0.2651 0.2286 0.1519 0.1287 0.2563 0.0000
 0.0000 0.1939 0.1959 0.0000 0.2142 0.2038 0.1785 0.2611 0.2288 0.2025 0.1647 0.0000 0.0000
 0.0000 0.0000 0.0000 0.0000 0.1776 0.1808 0.1774 0.2048 0.1927 0.1777 0.1717 0.0000 0.0000
 0.0000 0.0000 0.0000 0.0000 0.0000 0.0000 0.0000 0.0000 0.1798 0.1899 0.0000 0.0000 0.0000
 0.0000 0.0000 0.0000 0.0000 0.0000 0.0000 0.0000 0.0000 0.0000 0.0000 0.0000 0.0000 0.0000
 0.0000 0.0000 0.0000 0.0000 0.0000 0.0000 0.0000 0.0000 0.0000 0.0000 0.0000 0.0000 0.0000
** LAYER 6
 0.2503 0.0000 0.0000 0.0000 0.0000 0.0000 0.0000 0.0000 0.0000 0.0000 0.0000 0.0000 0.0000
 0.2225 0.2471 0.2463 0.0000 0.0000 0.0000 0.0000 0.0000 0.0000 0.0000 0.0000 0.0000 0.0000
 0.1737 0.2498 0.2582 0.2595 0.0000 0.0000 0.0000 0.0000 0.0000 0.0000 0.0000 0.0000 0.0000
 0.1703 0.2291 0.2549 0.2560 0.2374 0.0000 0.0000 0.0000 0.0000 0.0000 0.0000 0.0000 0.0000
 0.1879 0.2359 0.2377 0.2702 0.2429 0.2402 0.2329 0.0000 0.0000 0.0000 0.0000 0.0000 0.0000
 0.1736 0.2040 0.2192 0.2529 0.2519 0.2526 0.2446 0.2367 0.0000 0.0000 0.0000 0.0000 0.0000
 0.1829 0.2137 0.2191 0.2286 0.2428 0.2452 0.2344 0.2440 0.1845 0.0000 0.0000 0.0000 0.0000
 0.1834 0.1953 0.1852 0.2104 0.1799 0.2180 0.2283 0.2439 0.2640 0.2250 0.0000 0.0000 0.0000
 0.0000 0.1821 0.1730 0.1585 0.1628 0.1565 0.1942 0.2461 0.2886 0.2169 0.1887 0.2563 0.0000
 0.0000 0.1549 0.1539 0.0000 0.1692 0.1628 0.1785 0.2811 0.2324 0.2425 0.2047 0.0000 0.0000
 0.0000 0.0000 0.0000 0.0000 0.1376 0.1708 0.2084 0.2448 0.2207 0.2097 0.2047 0.0000 0.0000
 0.0000 0.0000 0.0000 0.0000 0.0000 0.0000 0.0000 0.0000 0.2118 0.2109 0.0000 0.0000 0.0000
 0.0000 0.0000 0.0000 0.0000 0.0000 0.0000 0.0000 0.0000 0.0000 0.0000 0.0000 0.0000 0.0000
 0.0000 0.0000 0.0000 0.0000 0.0000 0.0000 0.0000 0.0000 0.0000 0.0000 0.0000 0.0000 0.0000
** LAYER 7
 0.0000 0.0000 0.0000 0.0000 0.0000 0.0000 0.0000 0.0000 0.0000 0.0000 0.0000 0.0000 0.0000
 0.0000 0.2451 0.2423 0.0000 0.0000 0.0000 0.0000 0.0000 0.0000 0.0000 0.0000 0.0000 0.0000
 0.0000 0.2450 0.2352 0.2525 0.0000 0.0000 0.0000 0.0000 0.0000 0.0000 0.0000 0.0000 0.0000
 0.0000 0.2461 0.2329 0.2360 0.2324 0.0000 0.0000 0.0000 0.0000 0.0000 0.0000 0.0000 0.0000
 0.0000 0.2509 0.2177 0.2252 0.2389 0.2272 0.0000 0.0000 0.0000 0.0000 0.0000 0.0000 0.0000
 0.0000 0.2120 0.2082 0.2159 0.2129 0.2216 0.2106 0.0000 0.0000 0.0000 0.0000 0.0000 0.0000
 0.0000 0.2177 0.2111 0.2186 0.2228 0.2107 0.2004 0.2150 0.1945 0.0000 0.0000 0.0000 0.0000
 0.0000 0.2093 0.1912 0.2234 0.1949 0.2060 0.1983 0.2133 0.2260 0.2200 0.0000 0.0000 0.0000
 0.0000 0.2151 0.2080 0.2095 0.2298 0.1985 0.1742 0.1781 0.2036 0.1839 0.1787 0.0000 0.0000
 0.0000 0.2099 0.2219 0.2368 0.2292 0.2048 0.1565 0.1661 0.1588 0.1875 0.1627 0.2060 0.0000
 0.0000 0.2114 0.2223 0.2202 0.1946 0.1878 0.1744 0.1948 0.1827 0.1747 0.1717 0.1934 0.1957
 0.0000 0.0000 0.0000 0.2319 0.1970 0.2056 0.2033 0.2074 0.2118 0.2039 0.1889 0.1874 0.1911
 0.0000 0.0000 0.0000 0.0000 0.0000 0.0000 0.1631 0.1648 0.1864 0.2084 0.1937 0.1858 0.1761
 0.0000 0.0000 0.0000 0.0000 0.0000 0.0000 0.0000 0.1420 0.1560 0.1656 0.0000 0.1855 0.1610
** LAYER 8
 0.0000 0.0000 0.0000 0.0000 0.0000 0.0000 0.0000 0.0000 0.0000 0.0000 0.0000 0.0000 0.0000
 0.0000 0.2251 0.1803 0.0000 0.0000 0.0000 0.0000 0.0000 0.0000 0.0000 0.0000 0.0000 0.0000
 0.0000 0.2360 0.2262 0.2415 0.0000 0.0000 0.0000 0.0000 0.0000 0.0000 0.0000 0.0000 0.0000
 0.0000 0.2461 0.2359 0.2430 0.2274 0.0000 0.0000 0.0000 0.0000 0.0000 0.0000 0.0000 0.0000
 0.0000 0.2559 0.2327 0.2422 0.2499 0.2052 0.0000 0.0000 0.0000 0.0000 0.0000 0.0000 0.0000
 0.0000 0.2200 0.2212 0.2309 0.2199 0.2060 0.1849 0.2017 0.0000 0.0000 0.0000 0.0000 0.0000
 0.0000 0.2287 0.2211 0.2236 0.2228 0.2067 0.1987 0.2260 0.1945 0.0000 0.0000 0.0000 0.0000
 0.0000 0.2153 0.1952 0.2204 0.1879 0.2210 0.2330 0.2433 0.2270 0.2150 0.0000 0.0000 0.0000
 0.0000 0.1891 0.1880 0.1885 0.2198 0.2195 0.2182 0.2451 0.2386 0.2019 0.1887 0.0000 0.0000
 0.0000 0.1539 0.1579 0.0000 0.2192 0.2228 0.1945 0.2291 0.2008 0.2175 0.1927 0.0000 0.0000
 0.0000 0.0000 0.0000 0.0000 0.1676 0.2008 0.2024 0.2268 0.2027 0.1897 0.1947 0.0000 0.0000
 0.0000 0.0000 0.0000 0.0000 0.0000 0.2006 0.2013 0.2024 0.1978 0.2019 0.2039 0.0000 0.0000
 0.0000 0.0000 0.0000 0.0000 0.0000 0.0000 0.1511 0.1628 0.1804 0.2184 0.2037 0.1748 0.0000
 0.0000 0.0000 0.0000 0.0000 0.0000 0.0000 0.0000 0.1220 0.1610 0.1756 0.0000 0.0000 0.0000
** LAYER 9
 0.0000 0.0000 0.0000 0.0000 0.0000 0.0000 0.0000 0.0000 0.0000 0.0000 0.0000 0.0000 0.0000
 0.0000 0.2631 0.0000 0.0000 0.0000 0.0000 0.0000 0.0000 0.0000 0.0000 0.0000 0.0000 0.0000
 0.0000 0.2610 0.2606 0.2695 0.0000 0.0000 0.0000 0.0000 0.0000 0.0000 0.0000 0.0000 0.0000
 0.0000 0.2701 0.2649 0.2610 0.2274 0.0000 0.0000 0.0000 0.0000 0.0000 0.0000 0.0000 0.0000
 0.0000 0.2809 0.2552 0.2702 0.2449 0.2552 0.0000 0.0000 0.0000 0.0000 0.0000 0.0000 0.0000
 0.0000 0.2740 0.2488 0.2675 0.2481 0.2611 0.2570 0.0000 0.0000 0.0000 0.0000 0.0000 0.0000
 0.0000 0.2637 0.2571 0.2736 0.2849 0.2621 0.2502 0.2700 0.2145 0.0000 0.0000 0.0000 0.0000
 0.0000 0.2603 0.2362 0.2674 0.2429 0.2622 0.2506 0.2561 0.2424 0.0000 0.0000 0.0000 0.0000
 0.0000 0.2741 0.2610 0.2515 0.2708 0.2615 0.2492 0.2497 0.2451 0.2307 0.2307 0.0000 0.0000
 0.0000 0.2699 0.2719 0.2818 0.2842 0.2658 0.2325 0.2511 0.2439 0.2648 0.2417 0.2500 0.0000
 0.0000 0.2664 0.2743 0.2752 0.2506 0.2488 0.2414 0.2608 0.2477 0.2604 0.2609 0.2384 0.2317
 0.0000 0.0000 0.2650 0.2919 0.2570 0.2726 0.2543 0.2544 0.2448 0.2599 0.2696 0.2574 0.2391
 0.0000 0.0000 0.0000 0.0000 0.2608 0.2742 0.2581 0.2618 0.2544 0.2704 0.2607 0.2448 0.2501
 0.0000 0.0000 0.0000 0.0000 0.0000 0.0000 0.2620 0.2630 0.2710 0.2656 0.2420 0.2775 0.2460
** LAYER 10
 0.0000 0.0000 0.0000 0.0000 0.0000 0.0000 0.0000 0.0000 0.0000 0.0000 0.0000 0.0000 0.0000
 0.0000 0.2631 0.0000 0.0000 0.0000 0.0000 0.0000 0.0000 0.0000 0.0000 0.0000 0.0000 0.0000
 0.0000 0.2710 0.2562 0.2695 0.0000 0.0000 0.0000 0.0000 0.0000 0.0000 0.0000 0.0000 0.0000
 0.0000 0.2591 0.2549 0.2560 0.1974 0.0000 0.0000 0.0000 0.0000 0.0000 0.0000 0.0000 0.0000
 0.0000 0.2559 0.2277 0.2432 0.2149 0.2552 0.0000 0.0000 0.0000 0.0000 0.0000 0.0000 0.0000
 0.0000 0.2170 0.2192 0.2349 0.2359 0.2646 0.2646 0.0000 0.0000 0.0000 0.0000 0.0000 0.0000
 0.0000 0.2237 0.2211 0.2366 0.2498 0.2267 0.2174 0.2520 0.0000 0.0000 0.0000 0.0000 0.0000
 0.0000 0.2003 0.1922 0.2254 0.1899 0.1930 0.1633 0.2139 0.2340 0.0000 0.0000 0.0000 0.0000
 0.0000 0.1791 0.1780 0.1785 0.2058 0.2065 0.1892 0.2101 0.2416 0.2199 0.2037 0.0000 0.0000
 0.0000 0.1299 0.1419 0.1668 0.1942 0.1978 0.1785 0.2411 0.2308 0.2525 0.2047 0.1680 0.0000
 0.0000 0.0000 0.0000 0.0000 0.0000 0.1708 0.1754 0.2098 0.2027 0.1947 0.1967 0.1484 0.0000
 0.0000 0.0000 0.0000 0.0000 0.0000 0.1556 0.1513 0.1424 0.1698 0.1999 0.1989 0.0000 0.0000
 0.0000 0.0000 0.0000 0.0000 0.0000 0.0000 0.0000 0.0000 0.0000 0.2384 0.0000 0.0000 0.0000
 0.0000 0.0000 0.0000 0.0000 0.0000 0.0000 0.0000 0.0000 0.0000 0.0000 0.0000 0.0000 0.0000           
** LAYER 11
 0.0000 0.0000 0.0000 0.0000 0.0000 0.0000 0.0000 0.0000 0.0000 0.0000 0.0000 0.0000 0.0000
 0.0000 0.2681 0.0000 0.0000 0.0000 0.0000 0.0000 0.0000 0.0000 0.0000 0.0000 0.0000 0.0000
 0.0000 0.2510 0.2382 0.0000 0.0000 0.0000 0.0000 0.0000 0.0000 0.0000 0.0000 0.0000 0.0000
 0.0000 0.2341 0.2049 0.2180 0.0000 0.0000 0.0000 0.0000 0.0000 0.0000 0.0000 0.0000 0.0000
 0.0000 0.2379 0.1677 0.1602 0.2499 0.0000 0.0000 0.0000 0.0000 0.0000 0.0000 0.0000 0.0000
 0.0000 0.2040 0.1792 0.1379 0.1799 0.2366 0.0000 0.0000 0.0000 0.0000 0.0000 0.0000 0.0000
 0.0000 0.2187 0.2011 0.1486 0.1428 0.1867 0.2124 0.2490 0.0000 0.0000 0.0000 0.0000 0.0000
 0.0000 0.2123 0.1842 0.1904 0.1249 0.1730 0.1883 0.2239 0.2240 0.0000 0.0000 0.0000 0.0000
 0.0000 0.2121 0.1880 0.1535 0.1938 0.1865 0.1732 0.1881 0.2066 0.1999 0.1967 0.0000 0.0000
 0.0000 0.1849 0.1669 0.1468 0.1992 0.2158 0.1735 0.1891 0.1738 0.2095 0.2047 0.0000 0.0000
 0.0000 0.1544 0.1493 0.1602 0.1796 0.2158 0.2074 0.1928 0.1777 0.1717 0.1767 0.1964 0.0000
 0.0000 0.1600 0.1550 0.1969 0.1940 0.2486 0.2513 0.2144 0.1798 0.1799 0.1769 0.1684 0.1921
 0.0000 0.0000 0.0000 0.1930 0.2078 0.2442 0.2361 0.2308 0.2254 0.2414 0.2217 0.1948 0.1811
 0.0000 0.0000 0.0000 0.0000 0.0000 0.0000 0.0000 0.2260 0.2350 0.2286 0.2040 0.2305 0.0000

*PRPOR *MATRIX 1379.0
*CPOR  *MATRIX 5.96E-7

*PERMI *ALL
** Layer  1
  9.745 10.064  5.802  0.713  3.096  9.427  4.562  5.402  6.526  4.881  7.354  1.149  3.815
  6.663 10.642 13.295 26.266  7.136  6.760  3.016  6.060  6.440  3.915  7.665  6.950  6.979
  8.087  5.948  7.554 25.202 47.939  3.896  5.046  4.755  2.907  7.230  7.358  4.975  1.557
 21.180  8.429  9.860 23.673 52.407 38.392  7.796  5.561  4.427  7.135  5.981  4.617  4.368
 17.836 15.609 12.632 14.837 45.727 33.562 14.718  3.692  2.836  5.285  2.064  4.858  3.095
 14.846 10.591 13.292  8.636 28.780 18.174 11.643  3.822  1.580  7.059  5.965  4.930  6.492
  7.230  8.531  4.200  3.213  9.385 12.124 12.300  9.362  1.458  7.517  8.638  9.369  3.563
  5.542  2.720  6.924  9.969  6.189  7.528 10.930  6.095  3.570  2.881  9.221  6.469  6.482
  6.212  4.760  3.222  1.912  6.371  8.244  9.079  3.696  4.697  2.234  7.177  4.553  6.838
  3.644  2.686  5.167  2.067  5.954  4.702  5.103  3.178  4.604  7.555  5.996  2.131  3.888
  1.463  5.896  5.865  8.715  7.116  4.533  6.431  7.960  6.378  2.901  2.723  4.791  5.481
  4.830  4.846  5.743  5.872  3.537  4.566  4.502  6.088  5.752  5.208  4.768  7.308  3.342
  4.284  4.142  6.586  6.223  4.075  4.456  4.884  4.207  6.778  6.597  4.637  4.991  2.972
  4.968  5.299  8.014  5.601  3.906  3.474  6.235  4.447  6.582  3.432  3.701  5.591  4.395
** Layer  2
 13.948  3.741  4.660  4.309  5.598  5.832  6.134  5.777  6.171  6.528  4.971  2.389  6.091
 11.873 12.640 10.857 12.022  1.746  8.031  3.075  5.846  4.986  3.749  5.133  7.324  8.581
 14.449 12.416 11.420 14.899 15.584  3.572  4.403  3.875  5.601  3.855  5.122  6.324  2.019
 17.059 12.698 11.539 15.372 19.265 10.903  4.317  8.340  7.929  1.199  1.641  1.271  7.385
 12.563 10.103 10.667 13.512 22.022  7.967 10.139  7.057  5.462  8.125  7.385  7.212  4.584
  6.430  2.651  5.034  7.656  9.065  8.994  4.528  5.632  5.685  3.698  3.417  3.512  5.793
  8.008  3.676  2.475  6.301  9.179  6.844  6.408  6.333  6.599  6.808  1.068  3.977  4.378
  6.287  4.148  5.936  8.180  5.378  7.570  6.022 10.018  4.396  8.965  9.279  3.518  4.296
  3.519  4.934  7.747  6.088  6.263  2.387  5.327  4.475  5.647  4.785  4.475  5.419  2.954
  2.938  6.167  8.061  5.805  4.443  6.254  3.105  6.778  4.806  5.431  5.763  7.582  0.081
  4.039  5.245  5.744  3.507  8.016  7.513  9.823  3.809  4.978  5.747  6.161  6.780  6.336
  4.224  5.614  6.664  5.470  5.169  2.678  4.948  6.353  4.794  3.176  4.616  7.813  3.392
  9.463  5.019  6.786  6.408  4.606  7.347  7.673  6.505  4.950  2.558  6.696  6.708  6.937
  9.300  7.211  3.246  5.333  6.154  5.311  2.365  1.411  5.620  2.401  5.312  4.325  4.979
** Layer  3
 18.907 13.215  5.927  4.181  8.686  6.522  8.076  5.928  5.623  5.772  4.090  2.689  7.147
 14.255 16.963 14.607 13.134  8.628  5.332  6.001  2.174  3.939  1.977  6.359  7.586  5.963
 20.186 22.102 18.548 12.603 11.674  2.767  2.229  4.096  3.292  3.824  7.642  8.539  5.677
  5.455  9.446 12.658 13.278 12.525  6.974  4.654  6.752 10.752  6.375  5.080  4.107  4.257
  4.423  3.909  6.463  2.821 12.337  6.027  6.327  5.153  3.672  6.564  4.643  5.242  4.743
  7.135  6.955  3.727  7.585 10.394  5.117  8.232  7.186  1.098  6.159  1.759  7.534  7.593
  4.513  1.357  8.981  6.335  6.065 11.777  4.844  7.340  7.808  8.168  5.291  4.460  4.333
  6.038  8.254  2.564  6.065  8.413  9.946  6.825  4.756  5.544  6.059  3.589  3.421  5.666
  7.074  4.819  2.829  6.061  8.387  4.976  3.120  6.742  3.827  5.918  7.185  5.671  0.199
  3.418  3.278  3.690  6.664  4.954  6.749  4.155  7.407  4.756  5.375  5.381  5.003  5.999
  5.870  6.758  7.325 10.105  2.513  5.974  2.872  6.193  1.843  7.145  4.371  2.227  2.918
  2.939  5.414  2.638  5.122  1.928  6.105  5.929  6.097  3.040  5.762  4.573  5.965  4.459
  3.448  6.723  7.259 10.605  3.228  2.767  2.677  5.310  3.670  5.008  6.280  8.163  1.643
  6.776  4.706  4.231  2.940  6.642  4.500  3.813  2.071  8.962  3.473  5.221  3.732  6.158
** Layer  4
 10.462  3.841  2.503  3.086  1.992  7.816  7.911  3.992  4.974  3.523  9.331  7.655  5.378
 16.737 20.083 14.390 14.383  4.569  5.360  6.256  4.075  4.280  3.924  5.440  7.411  2.466
 16.889 35.090 43.237 37.932  5.960  4.181  7.985  5.497  3.145  6.374  8.046  7.584  9.663
  8.883 29.822 50.720 63.816 33.788  9.742  7.811  5.452  3.589  3.318  2.095  6.015  4.908
  7.426 15.745 40.889 66.883 69.167 23.016  5.338  5.977  5.428  4.289  8.301  5.197  5.788
  3.623 14.198 27.267 40.797 46.407 19.737  5.714  5.174  6.614  7.749  4.714  4.559  5.182
  5.216  4.895 12.026 23.271  9.931  3.769  5.671  6.729  6.291  4.458  5.311  7.227  3.441
  5.156  3.553  6.034  2.243  5.751  3.088  7.509  3.225  5.024  2.950  3.485  3.376  3.754
  6.345  2.652  1.479  3.288  6.731  2.330  4.254  4.126  5.746  0.724  6.692  5.011  7.115
  2.237  7.169  4.565  6.331  6.717  2.908  6.055  7.267  9.018  2.136  6.087  3.851  6.405
  1.357  4.838  4.774  5.343  4.263  2.061  3.967  2.997  3.854  3.853  3.205  5.582  0.766
  5.957  7.523  3.930  6.167  5.967  5.892  7.589  4.695  5.067  3.050  4.728  3.248  3.293
  4.994  3.496  7.943  5.492  3.303  7.377  5.254  4.285  3.703  4.283  7.140  8.465  2.264
  7.548  5.671  6.037  5.273  2.121  5.300  5.792  7.946  6.513  3.832  6.302  8.556  3.111
** Layer  5
 17.328  5.962  6.821  6.557  4.171  0.760  2.389  4.593  5.729  2.394  7.046  3.386  5.828
 33.814 42.141 18.524  8.339  7.867  2.510  4.182  2.147  4.669  7.509  4.999  8.133  3.274
 23.379 107.77 46.993  9.308  6.335  7.478  5.833  8.044  6.106  6.879  5.510  3.132  5.998
  5.603 33.087 50.976 18.673  7.086  4.416  5.652  4.064  3.950  8.097  8.675  4.321  4.944
  5.925  5.570 10.615 10.954  4.031  4.624  3.579  4.161  3.484  4.160  0.269  1.987  4.026
  3.954  7.283  5.734  8.981  6.585  4.249  6.230  5.906  7.081  4.253  4.910  6.164 11.741
  5.500  4.861  5.222  2.859  8.401  4.611  4.253  7.865  5.378  3.320  3.973  0.945  4.701
  4.723  5.684  7.427  6.999  6.813  4.351  6.131  4.129  1.813  5.092  4.866  6.872  6.192
  7.937  2.887  3.920  5.051  6.501  4.040  9.242 13.618 12.075  4.166  5.527  7.468  2.438
  5.650  7.066  4.923  3.790 10.197 14.514 21.285 25.173 11.672 10.993  6.648  6.034  3.094
  6.582  3.158  1.279  5.576  4.338  6.239  2.140  7.738  7.328  5.583  4.075  3.615  5.260
  2.589  6.461  5.366  5.231  2.874  9.773  5.942  2.782  6.159  2.422  3.066  2.605  3.383
  3.453  4.743  6.177  4.043  4.639  6.290  5.580  1.337  6.251  2.140  7.532  6.012  2.253
  4.041  2.642  7.648  4.382  2.488  3.726  5.663  4.640  7.890  6.287  2.463  9.988  1.858
** Layer  6
  6.708  7.595  6.597  5.539  5.291  7.623  4.679  4.863  7.843  3.963  5.081  4.408  5.899
  7.003 10.536 13.718  4.544  5.536  8.332  3.898  3.140  4.781  2.893  6.658  4.788  5.467
  5.508  8.292 12.432 12.188  2.501  6.481  5.831  1.532  4.144  5.626  6.242  6.733  3.723
  4.276  8.491 17.189 16.342  5.712  8.675  7.162  4.775 10.192  7.635  4.862  5.943  7.048
  8.897  4.497 15.119 17.764  5.877  4.056 10.714  7.282  6.908  2.737  4.113  6.745  7.556
  2.915  6.969  7.115 20.817 10.705  9.870  4.052  8.095  5.714  6.509  7.660  5.000  6.888
  5.013  5.316  5.331  7.592  7.125 13.069  8.361  4.936  5.883  5.837  3.970  7.355  5.323
  8.817 10.209  7.297  6.606  4.130  4.310  4.708 21.665 57.878  4.534  3.428  6.313  5.106
  4.716 13.286 12.124  6.709  3.765  5.030  6.156 20.865 110.14 19.292  6.907  6.793  6.402
  4.071  3.622  7.955  8.331  3.358  5.850  2.947  9.346 27.203 20.197  7.869  4.131  3.199
  2.754  2.833  5.851  6.210  4.485  7.155  5.434  6.597  5.747  8.523  4.172  7.254  7.161
  4.170  3.981  6.633  0.642  9.152  6.374  5.957  4.113  6.985  2.261  9.127  2.619  7.352
  3.491  4.729  5.767  7.464  5.129  2.811  2.605  4.853  6.525  4.699  5.841  1.036  3.389
  1.465  4.268  6.571  4.991  8.202  3.409  6.521  6.295  4.865  3.174  7.086  4.919  3.631
** Layer  7
  2.905  5.902  6.103  3.416  8.029  6.101  6.902  5.647  4.003  3.610  6.079  1.560  8.511
  4.390  6.889  4.931  5.196  0.860  4.088  6.357  5.544  7.546  8.609  6.219  5.939  5.221
  3.011  4.661  4.990  4.300  8.228  0.516  5.400  4.132  6.765  7.537  2.555  5.573  5.857
  5.039  4.415 10.430  8.203  8.167  5.870  7.199  3.357  4.892  0.698  7.044  7.776  7.670
  3.389  5.209  9.562  5.843  4.426  6.251  5.337  6.018  2.290  4.090  2.891  9.289  5.594
  6.825  8.256  5.764  9.134  6.845  6.807  2.636  8.320  7.922  0.052  6.165  3.514  7.901
  5.121 12.528  8.215  8.993 11.907  5.659  3.480  4.651  5.809  4.478  7.978  1.760  8.306
  3.533 13.422 13.581  6.128  5.111  4.239  2.989  5.473  6.494  5.620  5.791  1.354  4.381
  8.086  9.039  7.183  7.743  6.989  5.639  5.543  4.647  7.748  9.400  5.469  5.466  5.013
  6.123  9.644  6.156  7.551  7.253  4.206  6.299  4.952  2.875  6.508  5.242  5.273  3.825
  0.954  7.512  7.941  7.372  5.675  4.587  1.573  8.146  4.041  3.390  8.233  6.793  4.622
  1.706  2.674  3.868  6.061  2.832  3.455  3.109  3.449  7.760  5.908  7.628  6.216  3.635
  7.513  7.216  2.909  2.617  4.414  3.650  1.935  3.132  4.810  0.557  4.489  2.021  4.110
  7.781  4.261  7.298  2.066  5.453  7.306  9.177  1.525  4.611  2.849  2.187  3.672  6.255
** Layer  8
  6.955  3.188  5.799  3.977  0.965  5.449  3.526  3.429  3.964  7.671  7.241  1.733  5.564
  2.658  7.818  5.493  4.364  4.891  5.390  3.670  4.791  5.104  2.166  8.623  2.814  2.724
  5.480  9.922  7.040  7.001  6.559  3.588  6.140  3.174  6.484  0.867  4.324  7.888  4.579
  2.709  9.197 13.101 12.608  8.108  5.611  5.186  6.251  5.996  5.601  5.394  9.111  7.501
  5.134  7.796 14.013 13.264  6.271  5.678  6.231  3.234  5.935  4.530  4.557  7.513  6.832
  7.354 13.132  7.178 10.814  6.091  5.568  5.585  6.454  2.217  5.803  2.862  2.422  4.447
  4.639  4.104  3.580  5.901  6.579  8.175  5.883  6.273  6.241  4.853  7.077 10.244  4.912
  6.767  6.645  7.054  5.680  6.329  3.904  5.396  8.564  9.566  8.968  5.017  4.247  6.058
  2.508  5.518  8.728  4.945  2.439  6.789  6.346  8.774 12.779  9.478  3.374  3.142  5.584
  2.432  3.626  5.410  4.020  6.666  7.385  4.744  3.757  6.720 11.295  5.837  6.665  4.506
  6.579  3.337  3.627  6.118  2.499  4.796  3.879  2.714  7.550  5.848  5.898  4.813  7.347
  3.791  6.322  2.179  7.759  6.767  5.972  5.617  6.169  3.923  5.508  6.648  6.692  5.217
  2.120  6.411  7.049  4.274  5.301  3.359  4.201  4.190  5.827  8.149  7.079  5.840  9.145
  7.304  4.457  4.959  5.004  5.915  5.823  8.207  7.737  9.391  6.590  6.500  5.719  7.920
** Layer  9
  0.000  0.000  0.000  0.000  0.000  0.000  0.000  0.000  0.000  0.000  0.000  0.000  0.000
  0.000 23.198  0.000  0.000  0.000  0.000  0.000  0.000  0.000  0.000  0.000  0.000  0.000
  0.000 34.728 32.021 24.502  0.000  0.000  0.000  0.000  0.000  0.000  0.000  0.000  0.000
  0.000 28.818 39.412 47.542 36.918  0.000  0.000  0.000  0.000  0.000  0.000  0.000  0.000
  0.000 25.981 47.259 57.591 45.611 28.176  0.000  0.000  0.000  0.000  0.000  0.000  0.000
  0.000 19.373 43.124 61.367 58.858 34.856 16.489  0.000  0.000  0.000  0.000  0.000  0.000
  0.000 11.667 33.609 61.971 74.912 35.156 18.431  9.647  6.856  0.000  0.000  0.000  0.000
  0.000  8.099 29.085 53.302 61.166 23.557 14.611 11.927  9.081  0.000  0.000  0.000  0.000
  0.000 20.302 30.680 44.590 43.331 27.958 17.880 15.543 23.849 32.860 34.495  0.000  0.000
  0.000 15.534 28.329 41.611 35.781 30.993 25.780 24.391 24.335 20.509 14.589 17.308  0.000
  0.000 22.212 35.635 42.057 31.358 27.482 22.012 23.814 16.561 24.157 35.569 10.443  8.296
  0.000  0.000 33.540 35.921 34.103 22.808 21.870 17.449 17.965 28.548 34.151 14.530  5.259
  0.000  0.000  0.000  0.000 29.836 26.192 20.801 23.469 20.742 21.850 26.587 17.788  7.675
  0.000  0.000  0.000  0.000  0.000  0.000 27.895 23.278 19.253 19.929 22.848  8.949  7.938
** Layer 10
  4.163  4.850  6.763  6.033  7.630  3.524  3.603  4.573  4.118  3.880  6.697  3.721  4.445
  0.049 15.181  5.784  4.069  2.433  6.575  6.694  6.612  5.318  3.914  6.362  7.570  6.056
  2.391 16.665 14.872 13.827  2.304  3.631  5.914  7.098  2.337  7.850  6.226  1.877  7.239
  5.894 10.623 15.566 14.083 17.999  4.784  5.453  4.843  5.273  2.893  8.541  5.009  4.081
  4.895 13.041 12.006 13.111 15.682 27.947  5.487  3.296  7.406  5.389  4.967  6.776  4.991
  6.027  7.594  7.679 15.280 22.797 25.122 10.757  2.440  4.322  3.878  4.847  3.679  4.304
  7.735  4.035  7.320 13.424 22.110 19.217 11.565  8.056  3.752  4.613  3.023  3.522  8.119
  5.675  4.129  4.161 13.000 12.784  9.570  9.966  8.477  9.614  1.974  7.005  4.777  3.062
  8.583  4.218  4.691 11.635  8.757  5.117  9.677 10.620  8.175  5.301 13.353  5.509  5.282
  8.771  7.728  6.346  3.779  8.073  3.481  6.576  8.924  4.372  4.261  5.991  6.108  6.255
  2.492  2.260  5.490  6.592  4.548  4.878  7.445  4.781  4.714 10.108  2.712  5.651  5.778
  3.481  5.234  3.815  6.691  4.252  8.085  5.124  5.933  4.523  4.302  5.392  3.498  3.486
  4.198  1.868  4.168  4.904  7.207  7.933  6.922  5.701  4.244  4.675  4.880  8.845  5.793
  2.727  8.379  5.577  1.806  7.616  7.871  4.704  4.017  8.238  8.258  3.197  5.355  6.482
** Layer 11
  5.204  4.391  4.652  3.079  2.919  4.410  8.404  3.916  3.042  4.226  5.610  5.400  7.652
  3.645 17.175  6.521  5.726  7.255  4.815  8.333  5.320  6.746  6.632  4.946  6.765  4.871
  5.282  6.589 11.915  2.297  4.595  6.138  5.098  6.007  4.956  6.197  8.098  2.703  4.016
  6.254  7.471  3.293  9.663  5.963  4.227  8.275  5.315  6.902  7.863  2.369  3.738  6.257
  1.234  6.030  3.926  3.865  6.923  4.197  3.896  5.811  4.120  2.158  5.067  4.330  5.548
  4.128  5.645  3.723  5.481  5.642  9.501  4.372  5.840  5.458  5.462  3.601  2.922  6.220
  0.892  5.800  4.324  5.819  1.703  5.983  8.296 11.985  4.855  3.797  4.582  1.509  5.058
  6.007  5.706  3.210  7.287  6.320  6.835  4.024  5.693  6.857  2.382  4.218  3.478  3.466
  4.087  8.509  6.820  3.753  4.085  5.554  6.250  1.655  7.338  6.291  8.365  2.971  5.246
  7.447  4.744  4.918  2.774  5.720  3.988  3.440  3.039  4.090  5.162  7.709  3.685  5.488
  5.391  2.568  4.868  6.942  7.464  6.258  7.970  3.420  5.113  6.281  7.388  5.297  5.944
  3.352  4.931  6.768  6.069  7.804  9.989 11.788  4.834  7.731  5.221  7.966  4.770  2.845
  2.429  5.085  3.297  5.627  6.043  5.227  7.292  8.125  8.625  9.885  4.567  6.367  6.026
  3.014  5.943  5.709  6.115  5.167  6.755  2.041  4.449  5.746  6.239  6.926  6.928  5.008

*PERMJ *EQUALSI
*PERMK *CON 0.0

*SECTOR '1'  1:13 1:14  1:1
*SECTOR '2'  1:13 1:14  2:2
*SECTOR '3'  1:13 1:14  3:3
*SECTOR '4'  1:13 1:14  4:4
*SECTOR '5'  1:13 1:14  5:5
*SECTOR '6'  1:13 1:14  6:6
*SECTOR '7'  1:13 1:14  7:7
*SECTOR '8'  1:13 1:14  8:8
*SECTOR '9'  1:13 1:14  9:9
*SECTOR '10' 1:13 1:14 10:10


*****************************************************
**************COMPONENT PROPERTIES KEYWORD GROUP
*****************************************************
*MODEL *BLACKOIL
*PVT 1     
**     P       RS       BO       EG     VISO     VISG
    101.3    0.0000    1.010     0.7    1.00    0.01164
    710.1    0.0001    1.010     5.7    1.00    0.01262
   1620.2    0.0002    1.010    12.4    1.00    0.01349
   2268.3    0.0003    1.010    17.0    1.00    0.01371
   3171.5    0.0004    1.010    23.9    1.00    0.01401
   4633.2    0.0005    1.010    35.3    1.00    0.01434
   6432.7    0.0006    1.010    48.8    1.00    0.01485
   8508.1    0.0007    1.010    65.4    1.00    0.01535
  12493.2    0.0008    1.010    96.0    1.00    0.01657
  17278.2    0.0009    1.010   132.7    1.00    0.01849
  20959.9    0.0010    1.010   159.5    1.00    0.02040
  34473.6    0.0011    1.010   257.7    1.00    0.02741
  48263.1    0.0012    1.010   357.9    1.00    0.03456
  68947.3    0.0013    1.010   613.6    1.00    0.05281
 120000.3    0.0014    1.010   713.6    1.00    0.06281

*DENSITY  *OIL       850.0
*DENSITY  *GAS       1.000
*DENSITY  *WATER     1000.0

*CW                  0.0
*CVW                 0.0
*BWI                1.010
*CO                  0.0
*REFPW              1.100
*VWI                1.290
*CVO                 0.0


*************************************************
************** ROCK-FLUID DATA KEYWORD GROUP
*************************************************
*ROCKFLUID

*RPT   *OILWET       
*KROIL *LINEAR_ISOPERM
*SWT              
**    SW      KRW   KROW     PCOW
   0.203        0      0.8   100.0    
   0.229 0.000134   0.7407   90.0     
   0.255 0.000317   0.6829   85.0     
   0.281 0.000644   0.6267   78.0     
   0.308  0.00125   0.5722   76.0     
   0.334   0.0023   0.5194   72.0     
   0.386 0.006539   0.4190   70.0     
   0.412   0.0102   0.3715   68.0     
   0.438  0.01524   0.3261   66.0     
   0.464  0.02195   0.2826   62.0     
   0.491  0.03065   0.2413   60.0     
   0.517  0.04168   0.2022   58.0     
   0.543  0.05538   0.1656   56.0     
   0.569  0.07215   0.1314   52.0     
   0.595  0.09237   0.1000   50.0     
   0.647   0.1448   0.04659  48.0     
   0.673    0.178   0.02543  46.0     
     0.7   0.2163   0.00906  42.0     
   0.726   0.2604       0    40.0     
   1.000   1.0000       0    38.0     

*SLT
**    SL        KRG       KROG    
        0.203        1         0  
       0.5163 0.678430         0  
       0.5359 0.621590         0  
       0.5621 0.545610         0  
       0.5817 0.488770         0  
       0.6144 0.393940         0  
        0.687 0.183400   1.9E-10  
        0.702 0.139900  0.005468  
        0.718 0.116890  0.017112  
        0.734 0.101670  0.033514  
        0.749 0.089206  0.054094  
        0.765 0.077591  0.078474  
        0.781 0.067488  0.106401  
        0.812 0.051505  0.172185  
        0.843 0.039307  0.250115  
        0.875 0.029737  0.339512  
        0.906 0.022694  0.439597  
        0.937 0.017319  0.550079  
        0.969 0.013103  0.670278  
            1        0      0.8   


************************************************
**************INITIAL CONDITION KEYWORD GROUP
************************************************

*INITIAL
*USER_INPUT
*PRES     *ALL
** Layer   1
 59557. 58883. 58362. 57858. 57314. 56982. 56912. 57052. 57395. 57763. 58163. 58835. 59445.
 61044. 60406. 59858. 59361. 58717. 58333. 58295. 58500. 58892. 59290. 59696. 60350. 60888.
 61876. 61356. 60863. 60283. 59505. 59125. 59154. 59415. 59807. 60188. 60589. 61221. 61706.
 62431. 62048. 61717. 61061. 60120. 59784. 59884. 60180. 60540. 60884. 61283. 61902. 62338.
 62972. 62739. 62596. 61979. 60895. 60567. 60713. 60999. 61289. 61587. 61995. 62595. 62968.
 63468. 63335. 63177. 62633. 61667. 61332. 61468. 61731. 61956. 62227. 62647. 63195. 63510.
 63897. 63834. 63631. 63101. 62356. 62064. 62124. 62411. 62615. 62873. 63252. 63714. 63987.
 64346. 64305. 64161. 63766. 63292. 62966. 62853. 63169. 63420. 63583. 63791. 64163. 64414.
 64896. 64809. 64688. 64507. 64382. 64198. 63988. 64054. 64094. 64094. 64195. 64551. 64782.
 65564. 65480. 65398. 65374. 65519. 65476. 65208. 64872. 64574. 64449. 64551. 64964. 65185.
 66261. 66208. 66190. 66258. 66421. 66356. 66034. 65579. 65173. 65042. 65204. 65575. 65720.
 67137. 67120. 67137. 67206. 67267. 67126. 66817. 66428. 66108. 66031. 66161. 66391. 66495.
 68389. 68389. 68394. 68399. 68343. 68166. 67931. 67679. 67479. 67410. 67439. 67547. 67640.
     0. 69682. 69659. 69617. 69515. 69359. 69196. 69038. 68904. 68835. 68815. 68848. 68907.
** Layer   2
 58813. 58185. 57682. 57179. 56669. 56418. 56391. 56456. 56520. 56531. 56497. 56321. 56058.
 60210. 59609. 59079. 58571. 57981. 57715. 57735. 57828. 57858. 57819. 57736. 57502. 57186.
 61009. 60504. 60010. 59440. 58748. 58485. 58548. 58632. 58613. 58536. 58426. 58159. 57827.
 61544. 61213. 60820. 60169. 59352. 59119. 59207. 59248. 59180. 59079. 58952. 58674. 58336.
 61976. 61921. 61692. 61082. 60103. 59851. 59887. 59845. 59736. 59622. 59485. 59204. 58866.
 62529. 62610. 62443. 61873. 60899. 60589. 60493. 60361. 60228. 60107. 59966. 59686. 59355.
 63205. 63312. 63154. 62562. 61664. 61266. 61047. 60850. 60688. 60559. 60418. 60147. 59828.
 63917. 63981. 63788. 63214. 62380. 61870. 61570. 61296. 61115. 60996. 60866. 60617. 60317.
 64618. 64597. 64368. 63845. 63070. 62504. 62141. 61833. 61609. 61469. 61339. 61102. 60825.
 65330. 65226. 64976. 64504. 63797. 63223. 62835. 62511. 62244. 62067. 61916. 61661. 61387.
 65965. 65804. 65545. 65114. 64475. 63932. 63543. 63209. 62915. 62709. 62532. 62249. 61952.
 66662. 66461. 66202. 65814. 65254. 64759. 64385. 64050. 63737. 63507. 63306. 62990. 62670.
 67626. 67396. 67153. 66816. 66341. 65904. 65559. 65234. 64914. 64666. 64443. 64088. 63734.
     0. 68439. 68211. 67911. 67493. 67107. 66793. 66487. 66173. 65921. 65685. 65305. 64921.
** Layer   3
 57478. 56788.     0.     0.     0.     0.     0.     0.     0.     0.     0.     0.     0.
 58901. 58252. 57730. 57214.     0.     0.     0.     0.     0.     0.     0.     0.     0.
 59717. 59164. 58686. 58069. 56853.     0.     0.     0.     0.     0.     0.     0.     0.
 60263. 59862. 59513. 58772. 57755. 57244.     0.     0.     0.     0.     0.     0.     0.
 60801. 60610. 60445. 59725. 59102. 58551. 58000.     0.     0.     0.     0.     0.     0.
 61381. 60982. 60827. 60301. 59809. 59560. 59311. 59126.     0.     0.     0.     0.     0.
 61788. 61354. 61208. 60877. 60517. 60569. 60621. 60673. 60725. 60777.     0.     0.     0.
 61862. 61726. 61590. 61453. 61317. 61288. 61045. 61288. 61531. 60231. 61253.     0.     0.
     0. 62097. 62075. 62052. 62030. 62007. 62035. 61903. 62175. 62261. 62347. 64088.     0.
     0. 62469. 62560.     0. 62742. 62726. 63025. 62922. 62820. 62806. 62615.     0.     0.
     0.     0.     0.     0.     0. 63445. 64015. 63942. 63464. 63530.     0.     0.     0.
     0.     0.     0.     0.     0.     0. 65005.     0. 64109. 64164.     0.     0.     0.
     0.     0.     0.     0.     0.     0.     0.     0.     0. 64798.     0.     0.     0.
     0.     0.     0.     0.     0.     0.     0.     0.     0.     0.     0.     0.     0.
** Layer   4
 56046. 55364. 54839. 54303. 53708. 53363. 53303. 53435. 53720. 54023. 54366. 54959. 55536.
 57462. 56803. 56264. 55724. 55023. 54674. 54698. 54914. 55253. 55571. 55910. 56489. 57037.
 58284. 57699. 57201. 56586. 55758. 55479. 55601. 55854. 56194. 56502. 56828. 57380. 57906.
 58854. 58377. 58007. 57316. 56355. 56208. 56388. 56630. 56954. 57247. 57561. 58092. 58595.
 59358. 59097. 58841. 58218. 57174. 57100. 57231. 57446. 57757. 58032. 58344. 58851. 59310.
 59916. 59735. 59423. 58868. 58028. 57891. 57950. 58203. 58505. 58754. 59067. 59540. 59945.
 60573. 60347. 59986. 59430. 58769. 58586. 58616. 58944. 59234. 59472. 59769. 60161. 60522.
 61314. 61047. 60688. 60208. 59737. 59422. 59309. 59705. 60042. 60212. 60431. 60701. 61080.
 62041. 61759. 61460. 61130. 60867. 60600. 60387. 60551. 60694. 60735. 60867. 61175. 61649.
 62826. 62534. 62306. 62112. 61962. 61738. 61543. 61505. 61362. 61237. 61286. 61747. 62334.
 63647. 63395. 63207. 63049. 62970. 62812. 62583. 62378. 62106. 61945. 62008. 62487. 63027.
 64670. 64470. 64320. 64197. 64120. 63939. 63646. 63274. 62883. 62683. 62749. 63222. 63727.
 66040. 65872. 65734. 65577. 65333. 64985. 64544. 64002. 63558. 63354. 63289. 63671. 64273.
     0. 67071. 66875. 66600. 66148. 65631. 65145. 64666. 64262. 64038. 63947. 64126. 64625.
** Layer   5
 55110. 54447. 53975. 53501. 53009. 52754. 52719. 52802. 52951. 53092. 53242. 53485. 53718.
 56573. 55885. 55408. 54922. 54360. 54141. 54191. 54329. 54481. 54600. 54722. 54938. 55153.
 57487. 56808. 56337. 55784. 55143. 54998. 55132. 55277. 55389. 55476. 55580. 55777. 55991.
 58177. 57562. 57136. 56496. 55748. 55731. 55925. 56031. 56092. 56157. 56255. 56449. 56668.
 58802. 58289. 57963. 57338. 56491. 56569. 56732. 56771. 56794. 56856. 56960. 57162. 57387.
 59334. 58890. 58547. 57969. 57219. 57255. 57355. 57394. 57440. 57536. 57648. 57828. 58056.
 59832. 59443. 59056. 58447. 57812. 57783. 57850. 58015. 58146. 58273. 58347. 58478. 58713.
 60458. 60140. 59793. 59265. 58703. 58475. 58370. 58713. 59044. 59062. 59017. 59129. 59410.
 61224. 61025. 60774. 60379. 59905. 59581. 59281. 59348. 59628. 59634. 59619. 59817. 60180.
 62269. 62163. 61976. 61608. 61135. 60706. 60358. 60110. 60165. 60240. 60320. 60655. 61087.
 63419. 63343. 63155. 62780. 62245. 61769. 61411. 61104. 60999. 61104. 61279. 61550. 61920.
 64703. 64586. 64380. 64012. 63471. 62997. 62569. 62080. 61775. 61829. 62015. 62360. 62716.
 66192. 65983. 65731. 65335. 64728. 64106. 63484. 62817. 62380. 62276. 62323. 62787. 63381.
     0. 67034. 66690. 66197. 65433. 64664. 64028. 63471. 63080. 62925. 62929. 63248. 63824.
** Layer   6
 54331. 53846. 53564. 53275. 52937. 52778. 52894. 53319. 54186. 55244. 56603. 59340. 62264.
 55671. 55087. 54810. 54489. 53985. 53713. 53795. 54197. 55059. 56160. 57630. 60566. 63559.
 56623. 55927. 55598. 55169. 54531. 54273. 54374. 54749. 55576. 56686. 58238. 61314. 64314.
 57395. 56681. 56304. 55733. 54991. 54810. 54914. 55231. 55998. 57093. 58724. 61932. 64888.
 57998. 57478. 57087. 56481. 55654. 55511. 55566. 55813. 56471. 57500. 59234. 62591. 65432.
 58642. 58172. 57706. 57089. 56340. 56189. 56211. 56438. 56967. 57907. 59749. 63144. 65799.
 59369. 58836. 58320. 57643. 56962. 56830. 56866. 57120. 57578. 58404. 60247. 63509. 65930.
 60243. 59670. 59135. 58479. 57846. 57620. 57569. 57889. 58301. 58760. 60432. 63550. 65771.
 61258. 60700. 60197. 59598. 59012. 58695. 58456. 58557. 58763. 58771. 59027. 63147. 65229.
 62449. 61936. 61472. 60895. 60275. 59791. 59426. 59298. 59279. 59097. 59348. 62278. 64215.
 63545. 63057. 62604. 62029. 61372. 60925. 60561. 60346. 60257. 60230. 60270. 61507. 63170.
 64613. 64121. 63661. 63050. 62299. 61826. 61487. 61243. 61086. 61023. 61191. 61557. 62493.
 65601. 65006. 64459. 63762. 62915. 62326. 61995. 61791. 61596. 61449. 61416. 61609. 62128.
     0. 65524. 64929. 64234. 63429. 62882. 62569. 62329. 62089. 61905. 61794. 61770. 62030.
** Layer  7
 56175. 56145. 56186. 56171. 56052. 55896. 55795. 55749. 55777. 55857. 55987. 56281. 56629.
 56613. 56456. 56517. 56471. 56249. 56038. 55957. 55961. 56047. 56174. 56346. 56699. 57088.
 57064. 56730. 56702. 56585. 56284. 56112. 56092. 56144. 56269. 56420. 56614. 56990. 57393.
 57537. 57128. 56952. 56706. 56351. 56254. 56278. 56354. 56500. 56663. 56868. 57256. 57659.
 57969. 57555. 57320. 57005. 56587. 56528. 56558. 56644. 56799. 56962. 57177. 57562. 57948.
 58349. 57948. 57669. 57317. 56899. 56840. 56860. 56970. 57120. 57274. 57498. 57856. 58213.
 58710. 58322. 58024. 57630. 57219. 57158. 57190. 57327. 57462. 57626. 57845. 58138. 58466.
 59093. 58735. 58443. 58071. 57685. 57571. 57557. 57691. 57877. 58013. 58170. 58390. 58716.
 59472. 59168. 58920. 58636. 58287. 58097. 57985. 58010. 58168. 58249. 58354. 58600. 58973.
 59836. 59608. 59447. 59232. 58901. 58644. 58468. 58381. 58434. 58483. 58544. 58882. 59261.
 60158. 59954. 59825. 59662. 59392. 59149. 59002. 58897. 58867. 58876. 58952. 59202. 59514.
 60576. 60381. 60243. 60086. 59882. 59684. 59547. 59423. 59305. 59242. 59289. 59467. 59719.
 61210. 61019. 60869. 60696. 60488. 60313. 60194. 60025. 59756. 59557. 59471. 59508. 59710.
     0. 61644. 61481. 61296. 61070. 60867. 60672. 60407. 60081. 59824. 59666. 59540. 59600.
** Layer  8
 56200. 56016. 55925. 55819. 55641. 55475. 55369. 55303. 55281. 55301. 55364. 55543. 55795.
 56517. 56212. 56093. 55984. 55747. 55570. 55509. 55493. 55514. 55567. 55662. 55901. 56209.
 56787. 56300. 56058. 55976. 55734. 55633. 55642. 55665. 55705. 55770. 55885. 56155. 56492.
 57070. 56469. 56103. 55977. 55754. 55758. 55824. 55858. 55896. 55968. 56098. 56393. 56747.
 57368. 56819. 56498. 56256. 55934. 56006. 56086. 56108. 56134. 56215. 56365. 56677. 57035.
 57676. 57220. 56909. 56569. 56206. 56270. 56336. 56364. 56394. 56490. 56662. 56966. 57314.
 58014. 57598. 57278. 56867. 56489. 56505. 56571. 56654. 56716. 56838. 57007. 57262. 57596.
 58378. 57995. 57681. 57296. 56928. 56845. 56851. 56991. 57150. 57241. 57350. 57551. 57893.
 58750. 58425. 58163. 57871. 57517. 57337. 57261. 57340. 57473. 57512. 57582. 57821. 58201.
 59123. 58877. 58705. 58479. 58129. 57878. 57753. 57723. 57758. 57767. 57818. 58149. 58527.
 59454. 59232. 59084. 58901. 58601. 58347. 58217. 58139. 58108. 58123. 58205. 58470. 58793.
 59864. 59651. 59494. 59314. 59073. 58857. 58727. 58614. 58503. 58463. 58527. 58728. 58999.
 60470. 60267. 60107. 59925. 59707. 59530. 59417. 59252. 58963. 58781. 58717. 58781. 59003.
     0. 60880. 60720. 60540. 60319. 60120. 59921. 59640. 59295. 59053. 58917. 58827. 58913.
** Layer  9
 54810. 54790. 54914. 54968. 54915. 54806. 54714. 54638. 54587. 54574. 54600. 54725. 54945.
 55218. 54988. 55152. 55154. 54989. 54839. 54778. 54746. 54733. 54745. 54796. 54975. 55259.
 55780. 55241. 55250. 55159. 54935. 54855. 54864. 54872. 54877. 54899. 54962. 55167. 55490.
 56409. 55702. 55433. 55167. 54926. 54948. 55012. 55036. 55041. 55065. 55139. 55362. 55710.
 56875. 56142. 55736. 55367. 55080. 55166. 55246. 55264. 55261. 55298. 55384. 55622. 55984.
 57190. 56503. 56060. 55632. 55322. 55407. 55477. 55505. 55517. 55569. 55661. 55906. 56275.
 57394. 56806. 56403. 55917. 55570. 55618. 55691. 55781. 55834. 55904. 55983. 56215. 56590.
 57561. 57071. 56696. 56252. 55941. 55925. 55946. 56111. 56269. 56306. 56325. 56544. 56937.
 57626. 57619. 57318. 56565. 56393. 56375. 56346. 56439. 56583. 56598. 56610. 56883. 57305.
 57575. 58167. 57939. 57710. 57481. 57253. 57024. 56795. 56855. 56893. 56948. 57283. 57686.
 57595. 58716. 58560. 58265. 57971. 57676. 57264. 57210. 57199. 57234. 57327. 57622. 57973.
 57734. 57575. 59181. 58821. 58460. 58100. 57740. 57664. 57579. 57558. 57631. 57871. 58187.
 58045. 57967. 57973. 58035. 58950. 58524. 58287. 58224. 58012. 57849. 57801. 57953. 58224.
     0. 58442. 58448. 58486. 58534. 58529. 58498. 58424. 58271. 58137. 58059. 58015. 58131.
** Layer 10
 54133. 54092. 54202. 54259. 54217. 54088. 53929. 53732. 53506. 53328. 53191. 53078. 53107.
 54505. 54272. 54433. 54450. 54334. 54181. 54036. 53857. 53645. 53488. 53385. 53359. 53490.
 55034. 54508. 54527. 54471. 54328. 54232. 54137. 53979. 53773. 53629. 53557. 53592. 53785.
 55588. 54942. 54695. 54493. 54352. 54334. 54287. 54137. 53921. 53798. 53776. 53862. 54078.
 55932. 55317. 54962. 54661. 54481. 54521. 54516. 54358. 54137. 54070. 54101. 54236. 54455.
 56128. 55632. 55273. 54900. 54643. 54721. 54740. 54594. 54424. 54421. 54492. 54644. 54860.
 56234. 55931. 55645. 55192. 54836. 54899. 54942. 54916. 54856. 54905. 54971. 55085. 55288.
 56381. 56202. 55985. 55589. 55232. 55192. 55208. 55346. 55494. 55509. 55488. 55532. 55743.
 56645. 56494. 56341. 56065. 55762. 55641. 55599. 55711. 55885. 55902. 55889. 55952. 56229.
 57108. 57022. 56929. 56636. 56271. 56109. 56042. 56051. 56135. 56189. 56242. 56432. 56822.
 57713. 57660. 57541. 57192. 56736. 56533. 56448. 56422. 56458. 56534. 56621. 56924. 57380.
 58354. 58226. 58048. 57707. 57266. 57028. 56925. 56858. 56819. 56847. 56890. 57144. 57715.
 59047. 58824. 58601. 58291. 57925. 57697. 57569. 57445. 57262. 57115. 57052. 57238. 57807.
     0. 59390. 59164. 58891. 58571. 58337. 58172. 57998. 57773. 57588. 57482. 57571. 57986.
** Layer 11
 53669. 53639. 53767. 53857. 53889. 53866. 53838. 53829. 53861. 53925. 54024. 54261. 54578.
 54060. 53834. 54012. 54060. 54017. 53948. 53914. 53923. 53993. 54093. 54225. 54506. 54861.
 54597. 54072. 54113. 54102. 54038. 53986. 53969. 54003. 54107. 54234. 54386. 54685. 55056.
 55164. 54491. 54277. 54142. 54081. 54050. 54046. 54103. 54238. 54387. 54549. 54853. 55231.
 55506. 54879. 54543. 54295. 54185. 54165. 54179. 54260. 54431. 54599. 54759. 55052. 55436.
 55730. 55224. 54859. 54511. 54277. 54312. 54352. 54466. 54667. 54840. 54980. 55249. 55641.
 56010. 55533. 55187. 54770. 54411. 54483. 54570. 54718. 54947. 55104. 55198. 55445. 55857.
 56349. 55906. 55554. 55136. 54792. 54774. 54818. 54999. 55243. 55349. 55388. 55647. 56101.
 56723. 56324. 56003. 55618. 55319. 55195. 55163. 55273. 55445. 55509. 55548. 55887. 56380.
 57088. 56759. 56513. 56209. 55862. 55652. 55581. 55609. 55692. 55754. 55837. 56233. 56693.
 57353. 57085. 56877. 56603. 56275. 56079. 55996. 55962. 55993. 56071. 56201. 56547. 56939.
 57518. 57266. 57077. 56868. 56628. 56487. 56415. 56367. 56343. 56381. 56499. 56771. 57116.
 57717. 57486. 57336. 57199. 57052. 56985. 56964. 56910. 56762. 56660. 56653. 56817. 57099.
     0. 57853. 57727. 57602. 57447. 57305. 57211. 57128. 57004. 56907. 56853. 56834. 56970.

*PB            *CON  36984.0
*DATUMDEPTH           3280.0

*SO *ALL
** Layer  1
  0.750  0.797  0.000  0.000  0.000  0.000  0.000  0.000  0.000  0.000  0.000  0.000  0.000
  0.650  0.700  0.797  0.797  0.000  0.000  0.000  0.000  0.000  0.000  0.000  0.000  0.000
  0.700  0.540  0.700  0.797  0.780  0.000  0.000  0.000  0.000  0.000  0.000  0.000  0.000
  0.797  0.670  0.640  0.770  0.780  0.770  0.000  0.000  0.000  0.000  0.000  0.000  0.000
  0.780  0.760  0.740  0.760  0.760  0.760  0.740  0.000  0.000  0.000  0.000  0.000  0.000
  0.720  0.740  0.730  0.770  0.760  0.760  0.750  0.720  0.000  0.000  0.000  0.000  0.000
  0.700  0.710  0.700  0.710  0.720  0.760  0.750  0.720  0.640  0.630  0.000  0.000  0.000
  0.620  0.640  0.620  0.650  0.660  0.710  0.750  0.700  0.640  0.630  0.610  0.000  0.000
  0.000  0.000  0.560  0.000  0.000  0.000  0.620  0.630  0.630  0.620  0.600  0.000  0.000
  0.000  0.000  0.000  0.000  0.000  0.000  0.000  0.550  0.570  0.600  0.000  0.000  0.000
  0.000  0.000  0.000  0.000  0.000  0.000  0.000  0.000  0.000  0.000  0.000  0.000  0.000
  0.000  0.000  0.000  0.000  0.000  0.000  0.000  0.000  0.000  0.000  0.000  0.000  0.000
  0.000  0.000  0.000  0.000  0.000  0.000  0.000  0.000  0.000  0.000  0.000  0.000  0.000
  0.000  0.000  0.000  0.000  0.000  0.000  0.000  0.000  0.000  0.000  0.000  0.000  0.000
** Layer  2
  0.770  0.000  0.000  0.000  0.000  0.000  0.000  0.000  0.000  0.000  0.000  0.000  0.000
  0.730  0.772  0.792  0.770  0.000  0.000  0.000  0.000  0.000  0.000  0.000  0.000  0.000
  0.750  0.718  0.738  0.764  0.700  0.000  0.000  0.000  0.000  0.000  0.000  0.000  0.000
  0.650  0.696  0.702  0.746  0.690  0.620  0.000  0.000  0.000  0.000  0.000  0.000  0.000
  0.270  0.594  0.629  0.500  0.670  0.620  0.587  0.000  0.000  0.000  0.000  0.000  0.000
  0.000  0.000  0.509  0.400  0.634  0.621  0.570  0.514  0.000  0.000  0.000  0.000  0.000
  0.000  0.000  0.000  0.000  0.300  0.550  0.550  0.501  0.000  0.000  0.000  0.000  0.000
  0.000  0.000  0.000  0.000  0.000  0.000  0.000  0.000  0.000  0.000  0.000  0.000  0.000
  0.000  0.000  0.000  0.000  0.000  0.000  0.000  0.000  0.000  0.000  0.000  0.000  0.000
  0.000  0.000  0.000  0.000  0.000  0.000  0.000  0.000  0.000  0.000  0.000  0.000  0.000
  0.000  0.000  0.000  0.000  0.000  0.000  0.000  0.000  0.000  0.000  0.000  0.000  0.000
  0.000  0.000  0.000  0.000  0.000  0.000  0.000  0.000  0.000  0.000  0.000  0.000  0.000
  0.000  0.000  0.000  0.000  0.000  0.000  0.000  0.000  0.000  0.000  0.000  0.000  0.000
  0.000  0.000  0.000  0.000  0.000  0.000  0.000  0.000  0.000  0.000  0.000  0.000  0.000
** Layer  3
  0.797  0.797  0.000  0.000  0.000  0.000  0.000  0.000  0.000  0.000  0.000  0.000  0.000
  0.778  0.780  0.797  0.770  0.000  0.000  0.000  0.000  0.000  0.000  0.000  0.000  0.000
  0.750  0.750  0.770  0.760  0.720  0.000  0.000  0.000  0.000  0.000  0.000  0.000  0.000
  0.734  0.713  0.740  0.730  0.710  0.645  0.000  0.000  0.000  0.000  0.000  0.000  0.000
  0.710  0.710  0.670  0.663  0.673  0.684  0.686  0.000  0.000  0.000  0.000  0.000  0.000
  0.660  0.700  0.655  0.667  0.703  0.690  0.670  0.677  0.000  0.000  0.000  0.000  0.000
  0.591  0.617  0.638  0.669  0.717  0.710  0.680  0.669  0.620  0.570  0.000  0.000  0.000
  0.535  0.568  0.594  0.629  0.688  0.700  0.663  0.660  0.640  0.570  0.530  0.000  0.000
  0.000  0.499  0.521  0.546  0.601  0.651  0.640  0.600  0.570  0.540  0.511  0.000  0.000
  0.000  0.000  0.000  0.000  0.000  0.500  0.510  0.550  0.550  0.520  0.500  0.000  0.000
  0.000  0.000  0.000  0.000  0.000  0.000  0.000  0.000  0.519  0.494  0.000  0.000  0.000
  0.000  0.000  0.000  0.000  0.000  0.000  0.000  0.000  0.000  0.000  0.000  0.000  0.000
  0.000  0.000  0.000  0.000  0.000  0.000  0.000  0.000  0.000  0.000  0.000  0.000  0.000
  0.000  0.000  0.000  0.000  0.000  0.000  0.000  0.000  0.000  0.000  0.000  0.000  0.000
** Layer  4
  0.780  0.000  0.000  0.000  0.000  0.000  0.000  0.000  0.000  0.000  0.000  0.000  0.000
  0.780  0.797  0.797  0.750  0.000  0.000  0.000  0.000  0.000  0.000  0.000  0.000  0.000
  0.740  0.797  0.788  0.781  0.000  0.000  0.000  0.000  0.000  0.000  0.000  0.000  0.000
  0.678  0.734  0.795  0.773  0.680  0.000  0.000  0.000  0.000  0.000  0.000  0.000  0.000
  0.600  0.670  0.700  0.743  0.689  0.669  0.630  0.000  0.000  0.000  0.000  0.000  0.000
  0.550  0.580  0.625  0.680  0.680  0.645  0.600  0.620  0.000  0.000  0.000  0.000  0.000
  0.000  0.000  0.550  0.600  0.667  0.648  0.600  0.620  0.580  0.000  0.000  0.000  0.000
  0.000  0.000  0.000  0.000  0.550  0.620  0.400  0.600  0.000  0.000  0.000  0.000  0.000
  0.000  0.000  0.000  0.000  0.000  0.000  0.000  0.000  0.000  0.000  0.000  0.000  0.000
  0.000  0.000  0.000  0.000  0.000  0.000  0.000  0.000  0.000  0.000  0.000  0.000  0.000
  0.000  0.000  0.000  0.000  0.000  0.000  0.000  0.000  0.000  0.000  0.000  0.000  0.000
  0.000  0.000  0.000  0.000  0.000  0.000  0.000  0.000  0.000  0.000  0.000  0.000  0.000
  0.000  0.000  0.000  0.000  0.000  0.000  0.000  0.000  0.000  0.000  0.000  0.000  0.000
  0.000  0.000  0.000  0.000  0.000  0.000  0.000  0.000  0.000  0.000  0.000  0.000  0.000
** Layer  5
  0.797  0.000  0.000  0.000  0.000  0.000  0.000  0.000  0.000  0.000  0.000  0.000  0.000
  0.797  0.797  0.750  0.700  0.000  0.000  0.000  0.000  0.000  0.000  0.000  0.000  0.000
  0.750  0.799  0.737  0.680  0.000  0.000  0.000  0.000  0.000  0.000  0.000  0.000  0.000
  0.640  0.680  0.680  0.640  0.680  0.000  0.000  0.000  0.000  0.000  0.000  0.000  0.000
  0.620  0.610  0.570  0.530  0.680  0.650  0.630  0.000  0.000  0.000  0.000  0.000  0.000
  0.610  0.610  0.570  0.560  0.700  0.650  0.620  0.626  0.000  0.000  0.000  0.000  0.000
  0.570  0.620  0.600  0.600  0.710  0.630  0.580  0.599  0.583  0.000  0.000  0.000  0.000
  0.530  0.560  0.590  0.620  0.657  0.600  0.554  0.610  0.591  0.500  0.000  0.000  0.000
  0.000  0.500  0.510  0.550  0.609  0.620  0.609  0.606  0.592  0.500  0.000  0.000  0.000
  0.000  0.000  0.000  0.000  0.509  0.530  0.570  0.573  0.570  0.519  0.514  0.000  0.000
  0.000  0.000  0.000  0.000  0.000  0.000  0.000  0.000  0.523  0.505  0.500  0.000  0.000
  0.000  0.000  0.000  0.000  0.000  0.000  0.000  0.000  0.000  0.000  0.000  0.000  0.000
  0.000  0.000  0.000  0.000  0.000  0.000  0.000  0.000  0.000  0.000  0.000  0.000  0.000
  0.000  0.000  0.000  0.000  0.000  0.000  0.000  0.000  0.000  0.000  0.000  0.000  0.000
** Layer  6
  0.720  0.000  0.000  0.000  0.000  0.000  0.000  0.000  0.000  0.000  0.000  0.000  0.000
  0.690  0.736  0.773  0.000  0.000  0.000  0.000  0.000  0.000  0.000  0.000  0.000  0.000
  0.706  0.693  0.760  0.754  0.000  0.000  0.000  0.000  0.000  0.000  0.000  0.000  0.000
  0.665  0.665  0.722  0.727  0.650  0.000  0.000  0.000  0.000  0.000  0.000  0.000  0.000
  0.620  0.644  0.680  0.705  0.699  0.720  0.700  0.000  0.000  0.000  0.000  0.000  0.000
  0.590  0.620  0.640  0.686  0.700  0.797  0.780  0.680  0.000  0.000  0.000  0.000  0.000
  0.550  0.580  0.600  0.650  0.720  0.770  0.797  0.713  0.630  0.000  0.000  0.000  0.000
  0.530  0.540  0.560  0.590  0.680  0.729  0.753  0.800  0.750  0.630  0.000  0.000  0.000
  0.000  0.500  0.510  0.530  0.590  0.680  0.680  0.690  0.694  0.620  0.550  0.000  0.000
  0.000  0.000  0.000  0.000  0.520  0.550  0.560  0.580  0.580  0.550  0.500  0.000  0.000
  0.000  0.000  0.000  0.000  0.000  0.000  0.000  0.000  0.500  0.510  0.500  0.000  0.000
  0.000  0.000  0.000  0.000  0.000  0.000  0.000  0.000  0.000  0.000  0.000  0.000  0.000
  0.000  0.000  0.000  0.000  0.000  0.000  0.000  0.000  0.000  0.000  0.000  0.000  0.000
  0.000  0.000  0.000  0.000  0.000  0.000  0.000  0.000  0.000  0.000  0.000  0.000  0.000
** Layer  7
  0.000  0.000  0.000  0.000  0.000  0.000  0.000  0.000  0.000  0.000  0.000  0.000  0.000
  0.000  0.670  0.600  0.000  0.000  0.000  0.000  0.000  0.000  0.000  0.000  0.000  0.000
  0.000  0.700  0.630  0.590  0.000  0.000  0.000  0.000  0.000  0.000  0.000  0.000  0.000
  0.000  0.700  0.640  0.590  0.570  0.000  0.000  0.000  0.000  0.000  0.000  0.000  0.000
  0.000  0.730  0.640  0.580  0.590  0.590  0.000  0.000  0.000  0.000  0.000  0.000  0.000
  0.000  0.700  0.650  0.630  0.640  0.650  0.630  0.000  0.000  0.000  0.000  0.000  0.000
  0.000  0.660  0.630  0.680  0.700  0.660  0.630  0.610  0.580  0.000  0.000  0.000  0.000
  0.000  0.590  0.620  0.670  0.680  0.640  0.600  0.570  0.560  0.560  0.000  0.000  0.000
  0.000  0.630  0.630  0.640  0.650  0.620  0.540  0.500  0.500  0.500  0.500  0.000  0.000
  0.000  0.600  0.620  0.640  0.600  0.520  0.540  0.350  0.300  0.350  0.400  0.600  0.000
  0.000  0.560  0.570  0.570  0.530  0.450  0.400  0.470  0.510  0.480  0.450  0.600  0.600
  0.000  0.000  0.000  0.510  0.480  0.450  0.470  0.500  0.530  0.480  0.430  0.600  0.600
  0.000  0.000  0.000  0.000  0.000  0.000  0.000  0.400  0.400  0.400  0.410  0.600  0.600
  0.000  0.000  0.000  0.000  0.000  0.000  0.000  0.000  0.000  0.000  0.000  0.600  0.600
** Layer  8
  0.000  0.000  0.000  0.000  0.000  0.000  0.000  0.000  0.000  0.000  0.000  0.000  0.000
  0.000  0.630  0.610  0.000  0.000  0.000  0.000  0.000  0.000  0.000  0.000  0.000  0.000
  0.000  0.650  0.630  0.580  0.000  0.000  0.000  0.000  0.000  0.000  0.000  0.000  0.000
  0.000  0.670  0.630  0.610  0.580  0.000  0.000  0.000  0.000  0.000  0.000  0.000  0.000
  0.000  0.660  0.650  0.630  0.580  0.540  0.000  0.000  0.000  0.000  0.000  0.000  0.000
  0.000  0.660  0.650  0.650  0.637  0.566  0.539  0.603  0.000  0.000  0.000  0.000  0.000
  0.000  0.660  0.660  0.660  0.661  0.602  0.560  0.598  0.665  0.000  0.000  0.000  0.000
  0.000  0.650  0.640  0.630  0.674  0.663  0.585  0.605  0.630  0.630  0.000  0.000  0.000
  0.000  0.300  0.400  0.570  0.640  0.760  0.650  0.630  0.640  0.660  0.660  0.000  0.000
  0.000  0.000  0.000  0.000  0.550  0.670  0.680  0.681  0.640  0.620  0.600  0.000  0.000
  0.000  0.000  0.000  0.000  0.500  0.620  0.650  0.618  0.580  0.580  0.560  0.000  0.000
  0.000  0.000  0.000  0.000  0.000  0.539  0.584  0.562  0.530  0.560  0.580  0.000  0.000
  0.000  0.000  0.000  0.000  0.000  0.000  0.000  0.510  0.544  0.590  0.620  0.580  0.000
  0.000  0.000  0.000  0.000  0.000  0.000  0.000  0.000  0.000  0.000  0.000  0.000  0.000
** Layer  9
  0.000  0.000  0.000  0.000  0.000  0.000  0.000  0.000  0.000  0.000  0.000  0.000  0.000
  0.000  0.763  0.000  0.000  0.000  0.000  0.000  0.000  0.000  0.000  0.000  0.000  0.000
  0.000  0.742  0.750  0.750  0.000  0.000  0.000  0.000  0.000  0.000  0.000  0.000  0.000
  0.000  0.719  0.724  0.703  0.690  0.000  0.000  0.000  0.000  0.000  0.000  0.000  0.000
  0.000  0.750  0.734  0.712  0.688  0.688  0.000  0.000  0.000  0.000  0.000  0.000  0.000
  0.000  0.776  0.777  0.775  0.738  0.714  0.707  0.000  0.000  0.000  0.000  0.000  0.000
  0.000  0.797  0.797  0.797  0.797  0.760  0.711  0.729  0.750  0.000  0.000  0.000  0.000
  0.000  0.797  0.797  0.797  0.797  0.774  0.703  0.681  0.662  0.000  0.000  0.000  0.000
  0.000  0.797  0.797  0.797  0.797  0.797  0.759  0.709  0.668  0.710  0.720  0.000  0.000
  0.000  0.750  0.760  0.794  0.775  0.775  0.768  0.738  0.715  0.739  0.762  0.640  0.000
  0.000  0.680  0.690  0.710  0.725  0.735  0.721  0.688  0.675  0.709  0.722  0.632  0.540
  0.000  0.000  0.608  0.621  0.638  0.659  0.668  0.656  0.656  0.670  0.698  0.620  0.540
  0.000  0.000  0.000  0.000  0.500  0.526  0.620  0.655  0.665  0.667  0.654  0.630  0.550
  0.000  0.000  0.000  0.000  0.000  0.000  0.511  0.538  0.551  0.552  0.541  0.600  0.550
** Layer 10
  0.000  0.000  0.000  0.000  0.000  0.000  0.000  0.000  0.000  0.000  0.000  0.000  0.000
  0.000  0.710  0.000  0.000  0.000  0.000  0.000  0.000  0.000  0.000  0.000  0.000  0.000
  0.000  0.700  0.700  0.670  0.000  0.000  0.000  0.000  0.000  0.000  0.000  0.000  0.000
  0.000  0.670  0.680  0.670  0.550  0.000  0.000  0.000  0.000  0.000  0.000  0.000  0.000
  0.000  0.640  0.640  0.640  0.570  0.650  0.000  0.000  0.000  0.000  0.000  0.000  0.000
  0.000  0.630  0.630  0.640  0.650  0.720  0.760  0.000  0.000  0.000  0.000  0.000  0.000
  0.000  0.610  0.620  0.640  0.660  0.650  0.680  0.680  0.000  0.000  0.000  0.000  0.000
  0.000  0.570  0.600  0.630  0.680  0.600  0.550  0.620  0.670  0.000  0.000  0.000  0.000
  0.000  0.500  0.530  0.560  0.640  0.710  0.660  0.630  0.650  0.640  0.580  0.000  0.000
  0.000  0.000  0.000  0.000  0.570  0.630  0.680  0.710  0.680  0.640  0.590  0.500  0.000
  0.000  0.000  0.000  0.000  0.000  0.500  0.550  0.580  0.610  0.620  0.580  0.500  0.000
  0.000  0.000  0.000  0.000  0.000  0.000  0.000  0.000  0.000  0.000  0.000  0.000  0.000
  0.000  0.000  0.000  0.000  0.000  0.000  0.000  0.000  0.000  0.000  0.000  0.000  0.000
  0.000  0.000  0.000  0.000  0.000  0.000  0.000  0.000  0.000  0.000  0.000  0.000  0.000
** Layer 11
  0.000  0.000  0.000  0.000  0.000  0.000  0.000  0.000  0.000  0.000  0.000  0.000  0.000
  0.000  0.000  0.000  0.000  0.000  0.000  0.000  0.000  0.000  0.000  0.000  0.000  0.000
  0.000  0.000  0.000  0.000  0.000  0.000  0.000  0.000  0.000  0.000  0.000  0.000  0.000
  0.000  0.000  0.000  0.000  0.000  0.000  0.000  0.000  0.000  0.000  0.000  0.000  0.000
  0.000  0.000  0.000  0.000  0.000  0.000  0.000  0.000  0.000  0.000  0.000  0.000  0.000
  0.000  0.000  0.000  0.000  0.000  0.000  0.000  0.000  0.000  0.000  0.000  0.000  0.000
  0.000  0.529  0.000  0.000  0.000  0.000  0.000  0.543  0.000  0.000  0.000  0.000  0.000
  0.000  0.630  0.620  0.580  0.000  0.000  0.520  0.538  0.580  0.000  0.000  0.000  0.000
  0.000  0.560  0.550  0.570  0.570  0.600  0.610  0.600  0.604  0.620  0.620  0.000  0.000
  0.000  0.520  0.300  0.250  0.510  0.616  0.630  0.620  0.610  0.610  0.583  0.000  0.000
  0.000  0.520  0.510  0.510  0.530  0.620  0.660  0.630  0.530  0.480  0.400  0.570  0.530
  0.000  0.510  0.520  0.530  0.540  0.600  0.660  0.580  0.520  0.400  0.450  0.520  0.530
  0.000  0.000  0.000  0.510  0.514  0.540  0.544  0.560  0.580  0.600  0.582  0.542  0.520
  0.000  0.000  0.000  0.000  0.000  0.000  0.000  0.504  0.514  0.524  0.519  0.512  0.000

*SW *ALL
** Layer  1
  0.250  0.203  1.000  1.000  1.000  1.000  1.000  1.000  1.000  1.000  1.000  1.000  1.000
  0.350  0.300  0.203  0.203  1.000  1.000  1.000  1.000  1.000  1.000  1.000  1.000  1.000
  0.300  0.460  0.300  0.203  0.220  1.000  1.000  1.000  1.000  1.000  1.000  1.000  1.000
  0.203  0.330  0.360  0.230  0.220  0.230  1.000  1.000  1.000  1.000  1.000  1.000  1.000
  0.220  0.240  0.260  0.240  0.240  0.240  0.260  1.000  1.000  1.000  1.000  1.000  1.000
  0.280  0.260  0.270  0.230  0.240  0.240  0.250  0.280  1.000  1.000  1.000  1.000  1.000
  0.300  0.290  0.300  0.290  0.280  0.240  0.250  0.280  0.360  0.370  1.000  1.000  1.000
  0.380  0.360  0.380  0.350  0.340  0.290  0.250  0.300  0.360  0.370  0.390  1.000  1.000
  1.000  1.000  0.440  1.000  1.000  1.000  0.380  0.370  0.370  0.380  0.400  1.000  1.000
  1.000  1.000  1.000  1.000  1.000  1.000  1.000  0.450  0.430  0.400  1.000  1.000  1.000
  1.000  1.000  1.000  1.000  1.000  1.000  1.000  1.000  1.000  1.000  1.000  1.000  1.000
  1.000  1.000  1.000  1.000  1.000  1.000  1.000  1.000  1.000  1.000  1.000  1.000  1.000
  1.000  1.000  1.000  1.000  1.000  1.000  1.000  1.000  1.000  1.000  1.000  1.000  1.000
  1.000  1.000  1.000  1.000  1.000  1.000  1.000  1.000  1.000  1.000  1.000  1.000  1.000
** Layer  2
  0.230  1.000  1.000  1.000  1.000  1.000  1.000  1.000  1.000  1.000  1.000  1.000  1.000
  0.270  0.228  0.208  0.230  1.000  1.000  1.000  1.000  1.000  1.000  1.000  1.000  1.000
  0.250  0.282  0.262  0.236  0.300  1.000  1.000  1.000  1.000  1.000  1.000  1.000  1.000
  0.350  0.304  0.298  0.254  0.310  0.380  1.000  1.000  1.000  1.000  1.000  1.000  1.000
  0.730  0.406  0.371  0.500  0.330  0.380  0.413  1.000  1.000  1.000  1.000  1.000  1.000
  1.000  1.000  0.491  0.600  0.366  0.379  0.430  0.486  1.000  1.000  1.000  1.000  1.000
  1.000  1.000  1.000  1.000  0.700  0.450  0.450  0.499  1.000  1.000  1.000  1.000  1.000
  1.000  1.000  1.000  1.000  1.000  1.000  1.000  1.000  1.000  1.000  1.000  1.000  1.000
  1.000  1.000  1.000  1.000  1.000  1.000  1.000  1.000  1.000  1.000  1.000  1.000  1.000
  1.000  1.000  1.000  1.000  1.000  1.000  1.000  1.000  1.000  1.000  1.000  1.000  1.000
  1.000  1.000  1.000  1.000  1.000  1.000  1.000  1.000  1.000  1.000  1.000  1.000  1.000
  1.000  1.000  1.000  1.000  1.000  1.000  1.000  1.000  1.000  1.000  1.000  1.000  1.000
  1.000  1.000  1.000  1.000  1.000  1.000  1.000  1.000  1.000  1.000  1.000  1.000  1.000
  1.000  1.000  1.000  1.000  1.000  1.000  1.000  1.000  1.000  1.000  1.000  1.000  1.000
** Layer  3
  0.203  0.203  1.000  1.000  1.000  1.000  1.000  1.000  1.000  1.000  1.000  1.000  1.000
  0.222  0.220  0.203  0.230  1.000  1.000  1.000  1.000  1.000  1.000  1.000  1.000  1.000
  0.250  0.250  0.230  0.240  0.280  1.000  1.000  1.000  1.000  1.000  1.000  1.000  1.000
  0.266  0.287  0.260  0.270  0.290  0.355  1.000  1.000  1.000  1.000  1.000  1.000  1.000
  0.290  0.290  0.330  0.337  0.327  0.316  0.314  1.000  1.000  1.000  1.000  1.000  1.000
  0.340  0.300  0.345  0.333  0.297  0.310  0.330  0.323  1.000  1.000  1.000  1.000  1.000
  0.409  0.383  0.362  0.331  0.283  0.290  0.320  0.331  0.380  0.430  1.000  1.000  1.000
  0.465  0.432  0.406  0.371  0.312  0.300  0.337  0.340  0.360  0.430  0.470  1.000  1.000
  1.000  0.501  0.479  0.454  0.399  0.349  0.360  0.400  0.430  0.460  0.489  1.000  1.000
  1.000  1.000  1.000  1.000  1.000  0.500  0.490  0.450  0.450  0.480  0.500  1.000  1.000
  1.000  1.000  1.000  1.000  1.000  1.000  1.000  1.000  0.481  0.506  1.000  1.000  1.000
  1.000  1.000  1.000  1.000  1.000  1.000  1.000  1.000  1.000  1.000  1.000  1.000  1.000
  1.000  1.000  1.000  1.000  1.000  1.000  1.000  1.000  1.000  1.000  1.000  1.000  1.000
  1.000  1.000  1.000  1.000  1.000  1.000  1.000  1.000  1.000  1.000  1.000  1.000  1.000
** Layer  4
  0.220  1.000  1.000  1.000  1.000  1.000  1.000  1.000  1.000  1.000  1.000  1.000  1.000
  0.220  0.203  0.203  0.250  1.000  1.000  1.000  1.000  1.000  1.000  1.000  1.000  1.000
  0.260  0.203  0.212  0.219  1.000  1.000  1.000  1.000  1.000  1.000  1.000  1.000  1.000
  0.322  0.266  0.205  0.227  0.320  1.000  1.000  1.000  1.000  1.000  1.000  1.000  1.000
  0.400  0.330  0.300  0.257  0.311  0.331  0.370  1.000  1.000  1.000  1.000  1.000  1.000
  0.450  0.420  0.375  0.320  0.320  0.355  0.400  0.380  1.000  1.000  1.000  1.000  1.000
  1.000  1.000  0.450  0.400  0.333  0.352  0.400  0.380  0.420  1.000  1.000  1.000  1.000
  1.000  1.000  1.000  1.000  0.450  0.380  0.600  0.400  1.000  1.000  1.000  1.000  1.000
  1.000  1.000  1.000  1.000  1.000  1.000  1.000  1.000  1.000  1.000  1.000  1.000  1.000
  1.000  1.000  1.000  1.000  1.000  1.000  1.000  1.000  1.000  1.000  1.000  1.000  1.000
  1.000  1.000  1.000  1.000  1.000  1.000  1.000  1.000  1.000  1.000  1.000  1.000  1.000
  1.000  1.000  1.000  1.000  1.000  1.000  1.000  1.000  1.000  1.000  1.000  1.000  1.000
  1.000  1.000  1.000  1.000  1.000  1.000  1.000  1.000  1.000  1.000  1.000  1.000  1.000
  1.000  1.000  1.000  1.000  1.000  1.000  1.000  1.000  1.000  1.000  1.000  1.000  1.000
** Layer  5
  0.203  1.000  1.000  1.000  1.000  1.000  1.000  1.000  1.000  1.000  1.000  1.000  1.000
  0.203  0.203  0.250  0.300  1.000  1.000  1.000  1.000  1.000  1.000  1.000  1.000  1.000
  0.250  0.201  0.263  0.320  1.000  1.000  1.000  1.000  1.000  1.000  1.000  1.000  1.000
  0.360  0.320  0.320  0.360  0.320  1.000  1.000  1.000  1.000  1.000  1.000  1.000  1.000
  0.380  0.390  0.430  0.470  0.320  0.350  0.370  1.000  1.000  1.000  1.000  1.000  1.000
  0.390  0.390  0.430  0.440  0.300  0.350  0.380  0.374  1.000  1.000  1.000  1.000  1.000
  0.430  0.380  0.400  0.400  0.290  0.370  0.420  0.401  0.417  1.000  1.000  1.000  1.000
  0.470  0.440  0.410  0.380  0.343  0.400  0.446  0.390  0.409  0.500  1.000  1.000  1.000
  1.000  0.500  0.490  0.450  0.391  0.380  0.391  0.394  0.408  0.500  1.000  1.000  1.000
  1.000  1.000  1.000  1.000  0.491  0.470  0.430  0.427  0.430  0.481  0.486  1.000  1.000
  1.000  1.000  1.000  1.000  1.000  1.000  1.000  1.000  0.477  0.495  0.500  1.000  1.000
  1.000  1.000  1.000  1.000  1.000  1.000  1.000  1.000  1.000  1.000  1.000  1.000  1.000
  1.000  1.000  1.000  1.000  1.000  1.000  1.000  1.000  1.000  1.000  1.000  1.000  1.000
  1.000  1.000  1.000  1.000  1.000  1.000  1.000  1.000  1.000  1.000  1.000  1.000  1.000
** Layer  6
  0.280  1.000  1.000  1.000  1.000  1.000  1.000  1.000  1.000  1.000  1.000  1.000  1.000
  0.310  0.264  0.227  1.000  1.000  1.000  1.000  1.000  1.000  1.000  1.000  1.000  1.000
  0.294  0.307  0.240  0.246  1.000  1.000  1.000  1.000  1.000  1.000  1.000  1.000  1.000
  0.335  0.335  0.278  0.273  0.350  1.000  1.000  1.000  1.000  1.000  1.000  1.000  1.000
  0.380  0.356  0.320  0.295  0.301  0.280  0.300  1.000  1.000  1.000  1.000  1.000  1.000
  0.410  0.380  0.360  0.314  0.300  0.203  0.220  0.320  1.000  1.000  1.000  1.000  1.000
  0.450  0.420  0.400  0.350  0.280  0.230  0.203  0.287  0.370  1.000  1.000  1.000  1.000
  0.470  0.460  0.440  0.410  0.320  0.271  0.247  0.200  0.250  0.370  1.000  1.000  1.000
  1.000  0.500  0.490  0.470  0.410  0.320  0.320  0.310  0.306  0.380  0.450  1.000  1.000
  1.000  1.000  1.000  1.000  0.480  0.450  0.440  0.420  0.420  0.450  0.500  1.000  1.000
  1.000  1.000  1.000  1.000  1.000  1.000  1.000  1.000  0.500  0.490  0.500  1.000  1.000
  1.000  1.000  1.000  1.000  1.000  1.000  1.000  1.000  1.000  1.000  1.000  1.000  1.000
  1.000  1.000  1.000  1.000  1.000  1.000  1.000  1.000  1.000  1.000  1.000  1.000  1.000
  1.000  1.000  1.000  1.000  1.000  1.000  1.000  1.000  1.000  1.000  1.000  1.000  1.000
** Layer  7
  1.000  1.000  1.000  1.000  1.000  1.000  1.000  1.000  1.000  1.000  1.000  1.000  1.000
  1.000  0.330  0.400  1.000  1.000  1.000  1.000  1.000  1.000  1.000  1.000  1.000  1.000
  1.000  0.300  0.370  0.410  1.000  1.000  1.000  1.000  1.000  1.000  1.000  1.000  1.000
  1.000  0.300  0.360  0.410  0.430  1.000  1.000  1.000  1.000  1.000  1.000  1.000  1.000
  1.000  0.270  0.360  0.420  0.410  0.410  1.000  1.000  1.000  1.000  1.000  1.000  1.000
  1.000  0.300  0.350  0.370  0.360  0.350  0.370  1.000  1.000  1.000  1.000  1.000  1.000
  1.000  0.340  0.370  0.320  0.300  0.340  0.370  0.390  0.420  1.000  1.000  1.000  1.000
  1.000  0.410  0.380  0.330  0.320  0.360  0.400  0.430  0.440  0.440  1.000  1.000  1.000
  1.000  0.370  0.370  0.360  0.350  0.380  0.460  0.500  0.500  0.500  0.500  1.000  1.000
  1.000  0.400  0.380  0.360  0.400  0.480  0.460  0.650  0.700  0.650  0.600  0.400  1.000
  1.000  0.440  0.430  0.430  0.470  0.550  0.600  0.530  0.490  0.520  0.550  0.400  0.400
  1.000  1.000  1.000  0.490  0.520  0.550  0.530  0.500  0.470  0.520  0.570  0.400  0.400
  1.000  1.000  1.000  1.000  1.000  1.000  1.000  0.600  0.600  0.600  0.590  0.400  0.400
  1.000  1.000  1.000  1.000  1.000  1.000  1.000  1.000  1.000  1.000  1.000  0.400  0.400
** Layer  8
  1.000  1.000  1.000  1.000  1.000  1.000  1.000  1.000  1.000  1.000  1.000  1.000  1.000
  1.000  0.370  0.390  1.000  1.000  1.000  1.000  1.000  1.000  1.000  1.000  1.000  1.000
  1.000  0.350  0.370  0.420  1.000  1.000  1.000  1.000  1.000  1.000  1.000  1.000  1.000
  1.000  0.330  0.370  0.390  0.420  1.000  1.000  1.000  1.000  1.000  1.000  1.000  1.000
  1.000  0.340  0.350  0.370  0.420  0.460  1.000  1.000  1.000  1.000  1.000  1.000  1.000
  1.000  0.340  0.350  0.350  0.363  0.434  0.461  0.397  1.000  1.000  1.000  1.000  1.000
  1.000  0.340  0.340  0.340  0.339  0.398  0.440  0.402  0.335  1.000  1.000  1.000  1.000
  1.000  0.350  0.360  0.370  0.326  0.337  0.415  0.395  0.370  0.370  1.000  1.000  1.000
  1.000  0.700  0.600  0.430  0.360  0.240  0.350  0.370  0.360  0.340  0.340  1.000  1.000
  1.000  1.000  1.000  1.000  0.450  0.330  0.320  0.319  0.360  0.380  0.400  1.000  1.000
  1.000  1.000  1.000  1.000  0.500  0.380  0.350  0.382  0.420  0.420  0.440  1.000  1.000
  1.000  1.000  1.000  1.000  1.000  0.461  0.416  0.438  0.470  0.440  0.420  1.000  1.000
  1.000  1.000  1.000  1.000  1.000  1.000  1.000  0.490  0.456  0.410  0.380  0.420  1.000
  1.000  1.000  1.000  1.000  1.000  1.000  1.000  1.000  1.000  1.000  1.000  1.000  1.000
** Layer  9
  1.000  1.000  1.000  1.000  1.000  1.000  1.000  1.000  1.000  1.000  1.000  1.000  1.000
  1.000  0.237  1.000  1.000  1.000  1.000  1.000  1.000  1.000  1.000  1.000  1.000  1.000
  1.000  0.258  0.250  0.250  1.000  1.000  1.000  1.000  1.000  1.000  1.000  1.000  1.000
  1.000  0.281  0.276  0.297  0.310  1.000  1.000  1.000  1.000  1.000  1.000  1.000  1.000
  1.000  0.250  0.266  0.288  0.312  0.312  1.000  1.000  1.000  1.000  1.000  1.000  1.000
  1.000  0.224  0.223  0.225  0.262  0.286  0.293  1.000  1.000  1.000  1.000  1.000  1.000
  1.000  0.203  0.203  0.203  0.203  0.240  0.289  0.271  0.250  1.000  1.000  1.000  1.000
  1.000  0.203  0.203  0.203  0.203  0.226  0.297  0.319  0.338  1.000  1.000  1.000  1.000
  1.000  0.203  0.203  0.203  0.203  0.203  0.241  0.291  0.332  0.290  0.280  1.000  1.000
  1.000  0.250  0.240  0.206  0.225  0.225  0.232  0.262  0.285  0.261  0.238  0.360  1.000
  1.000  0.320  0.310  0.290  0.275  0.265  0.279  0.312  0.325  0.291  0.278  0.368  0.460
  1.000  1.000  0.392  0.379  0.362  0.341  0.332  0.344  0.344  0.330  0.302  0.380  0.460
  1.000  1.000  1.000  1.000  0.500  0.474  0.380  0.345  0.335  0.333  0.346  0.370  0.450
  1.000  1.000  1.000  1.000  1.000  1.000  0.489  0.462  0.449  0.448  0.459  0.400  0.450
** Layer 10
  1.000  1.000  1.000  1.000  1.000  1.000  1.000  1.000  1.000  1.000  1.000  1.000  1.000
  1.000  0.290  1.000  1.000  1.000  1.000  1.000  1.000  1.000  1.000  1.000  1.000  1.000
  1.000  0.300  0.300  0.330  1.000  1.000  1.000  1.000  1.000  1.000  1.000  1.000  1.000
  1.000  0.330  0.320  0.330  0.450  1.000  1.000  1.000  1.000  1.000  1.000  1.000  1.000
  1.000  0.360  0.360  0.360  0.430  0.350  1.000  1.000  1.000  1.000  1.000  1.000  1.000
  1.000  0.370  0.370  0.360  0.350  0.280  0.240  1.000  1.000  1.000  1.000  1.000  1.000
  1.000  0.390  0.380  0.360  0.340  0.350  0.320  0.320  1.000  1.000  1.000  1.000  1.000
  1.000  0.430  0.400  0.370  0.320  0.400  0.450  0.380  0.330  1.000  1.000  1.000  1.000
  1.000  0.500  0.470  0.440  0.360  0.290  0.340  0.370  0.350  0.360  0.420  1.000  1.000
  1.000  1.000  1.000  1.000  0.430  0.370  0.320  0.290  0.320  0.360  0.410  0.500  1.000
  1.000  1.000  1.000  1.000  1.000  0.500  0.450  0.420  0.390  0.380  0.420  0.500  1.000
  1.000  1.000  1.000  1.000  1.000  1.000  1.000  1.000  1.000  1.000  1.000  1.000  1.000
  1.000  1.000  1.000  1.000  1.000  1.000  1.000  1.000  1.000  1.000  1.000  1.000  1.000
  1.000  1.000  1.000  1.000  1.000  1.000  1.000  1.000  1.000  1.000  1.000  1.000  1.000
** Layer 11
  1.000  1.000  1.000  1.000  1.000  1.000  1.000  1.000  1.000  1.000  1.000  1.000  1.000
  1.000  0.330  1.000  1.000  1.000  1.000  1.000  1.000  1.000  1.000  1.000  1.000  1.000
  1.000  0.380  0.370  1.000  1.000  1.000  1.000  1.000  1.000  1.000  1.000  1.000  1.000
  1.000  0.460  0.460  0.440  1.000  1.000  1.000  1.000  1.000  1.000  1.000  1.000  1.000
  1.000  0.470  0.500  0.550  0.430  1.000  1.000  1.000  1.000  1.000  1.000  1.000  1.000
  1.000  0.470  0.480  0.600  0.500  0.430  1.000  1.000  1.000  1.000  1.000  1.000  1.000
  1.000  0.471  0.480  0.500  0.650  0.440  0.450  0.457  1.000  1.000  1.000  1.000  1.000
  1.000  0.370  0.380  0.420  0.470  0.460  0.480  0.462  0.420  1.000  1.000  1.000  1.000
  1.000  0.440  0.450  0.430  0.430  0.400  0.390  0.400  0.396  0.380  0.380  1.000  1.000
  1.000  0.480  0.700  0.750  0.490  0.384  0.370  0.380  0.390  0.390  0.417  1.000  1.000
  1.000  0.480  0.490  0.490  0.470  0.380  0.340  0.370  0.470  0.520  0.600  0.430  0.470
  1.000  0.490  0.480  0.470  0.460  0.400  0.340  0.420  0.480  0.600  0.550  0.480  0.470
  1.000  1.000  1.000  0.490  0.486  0.460  0.456  0.440  0.420  0.400  0.418  0.458  0.480
  1.000  1.000  1.000  1.000  1.000  1.000  1.000  0.496  0.486  0.476  0.481  0.488  1.000


*******************************************
**************NUMERICAL KEYWORD GROUP
*******************************************
*NUMERICAL    
*NCUTS 8
*******************************************
**WELL DATA KEYWORD GROUP
*******************************************
*RUN
*DATE 1995 01 01
*AIMWELL  *WELLNN

*WELL      1 'W-1'    *VERT  8 13
*WELL      2 'W-2'    *VERT  9 12
*WELL      3 'W-3'    *VERT 10 13
*WELL      4 'W-4'    *VERT  7 12
*WELL      5 'W-5'    *VERT  8 10
*WELL      6 'W-6'    *VERT 11 10
*WELL      7 'W-7'    *VERT  7  6
*WELL      8 'W-8'    *VERT  9  8
*WELL      9 'W-9'    *VERT  5  7
*WELL     10 'W-10'   *VERT  4 10
*WELL     11 'W-11'   *VERT  9  7
*WELL     12 'W-12'   *VERT  6  9
*WELL     13 'W-13'   *VERT  2  9
*WELL     14 'W-14'   *VERT  4  5
*WELL     15 'W-15'   *VERT  3  7
*WELL     16 'W-16'   *VERT  1  4
*WELL     17 'W-17'   *VERT  4  2
*WELL     18 'W-18'   *VERT 11 12
*WELL     19 'W-19'   *VERT 12 11
*WELL     20 'W-20'   *VERT  5  8
*WELL     21 'W-21'   *VERT  2  3
*WELL     22 'W-22'   *VERT  6  5
*WELL     23 'W-23'   *VERT  3  8
*WELL     24 'W-24'   *VERT  7  8
*WELL     25 'W-25'   *VERT 11  9
*WELL     26 'W-26'   *VERT  7 12
*WELL     27 'W-27'   *VERT 11 10
*WELL     28 'W-28'   *VERT  5  7
*WELL     29 'W-29'   *VERT  6  9
*WELL     30 'W-30'   *VERT  3  7
*WELL     31 'W-31'   *VERT  1  4
*WELL     32 'W-32'   *VERT 10 13
*WELL     33 'W-33'   *VERT  5 12
*WELL     34 'W-34'   *VERT 11  9
*WELL     35 'W-35'   *VERT 7  6
*WELL     36 'W-36'   *VERT  8 14
*WELL     37 'W-37'   *VERT  2  3

*PRODUCER 1
 *OPERATE *MAX  *STW    66.885
 *OPERATE *MIN  *BHP    1000.
 *MONITOR *GOR  10000. *SHUTIN
*PRODUCER 2
 *OPERATE *MAX  *STW    27.67
 *OPERATE *MIN  *BHP    1000.
 *MONITOR *GOR  10000. *SHUTIN
*PRODUCER 3
 *OPERATE *MAX  *STW    21.89
 *OPERATE *MIN  *BHP    1000.
 *MONITOR *GOR  10000. *SHUTIN
 *PRODUCER 4
 *OPERATE *MAX  *STW    404.4
 *OPERATE *MIN  *BHP    1000.
 *MONITOR *GOR  10000. *SHUTIN
*PRODUCER 5
 *OPERATE *MAX  *STW     68.65
 *OPERATE *MIN  *BHP    1000.0
 *MONITOR *GOR  10000. *SHUTIN
*PRODUCER 6
 *OPERATE *MAX *STW     204.4
 *OPERATE *MIN  *BHP    1000.
 *MONITOR *GOR  10000. *SHUTIN
*PRODUCER 7
 *OPERATE *MAX *STW      78.81
 *OPERATE *MIN *BHP     1000.
 *MONITOR *GOR 10000.  *SHUTIN
*PRODUCER 8
 *OPERATE *MAX *STW      89.95
 *OPERATE *MIN *BHP     1000.
 *MONITOR *GOR 10000   *SHUTIN
*PRODUCER 9
 *OPERATE *MAX *STW      78.87
 *OPERATE *MIN *BHP     1000.
 *MONITOR *GOR 10000   *SHUTIN
*PRODUCER 10
 *OPERATE *MAX *STW      62.4 
 *OPERATE *MIN *BHP     1000.
 *MONITOR *GOR 10000   *SHUTIN
*PRODUCER 11
 *OPERATE *MAX *STW     113.
 *OPERATE *MIN *BHP     1000.
 *MONITOR *GOR 10000   *SHUTIN
*PRODUCER 12
 *OPERATE *MAX *STW      13.7
 *OPERATE *MIN *BHP     1000.
 *MONITOR *GOR 10000   *SHUTIN
 *PRODUCER 13
*OPERATE *MAX *STW       13.4 
 *OPERATE *MIN *BHP     200
 *MONITOR *GOR 10000   *SHUTIN
*PRODUCER 14
 *OPERATE *MAX *STW      79.32
 *OPERATE *MIN *BHP     1000.
 *MONITOR *GOR 10000   *SHUTIN
*PRODUCER 15
 *OPERATE *MAX *STW      67.69
 *OPERATE *MIN *BHP     1000.
 *MONITOR *GOR 10000   *SHUTIN
*PRODUCER 16
 *OPERATE *MAX *STW     183.5
 *OPERATE *MIN *BHP     1000.
 *MONITOR *GOR 10000   *SHUTIN
*PRODUCER 17
 *OPERATE *MAX *STW     218.
 *OPERATE *MIN *BHP     1000.
 *MONITOR *GOR 10000   *SHUTIN
*PRODUCER 18
 *OPERATE *MAX *STW     125.64
 *OPERATE *MIN *BHP     1000.
 *MONITOR *GOR 10000   *SHUTIN
*PRODUCER 19
 *OPERATE *MAX *STW      98.
 *OPERATE *MIN *BHP     1000.
 *MONITOR *GOR 10000   *SHUTIN
*PRODUCER 20
 *OPERATE *MAX *STW      71.28
 *OPERATE *MIN *BHP     1000.
 *MONITOR *GOR 10000   *SHUTIN
*PRODUCER 21
 *OPERATE *MAX *STW      67.21
 *OPERATE *MIN *BHP     1000.
 *MONITOR *GOR 10000   *SHUTIN
*PRODUCER 22
 *OPERATE *MAX *STW     202.811
 *OPERATE *MIN *BHP     1000.
 *MONITOR *GOR 10000   *SHUTIN
*PRODUCER 23
 *OPERATE *MAX *STW     153.24
 *OPERATE *MIN *BHP     1000.
 *MONITOR *GOR 10000   *SHUTIN
*PRODUCER 24
 *OPERATE *MAX *STW       9.1
 *OPERATE *MIN *BHP     1000.
 *MONITOR *GOR 10000   *SHUTIN
*PRODUCER 25
 *OPERATE *MAX *STW      15.08
 *OPERATE *MIN *BHP     1000.
 *MONITOR *GOR 10000   *SHUTIN

*INJECTOR 26
 *INCOMP *OIL
 *OPERATE *MAX *STO 257
 *OPERATE *MAX *BHP 100000.
*INJECTOR 27
 *INCOMP *OIL
 *OPERATE *MAX *STO 205.55
 *OPERATE *MAX *BHP 100000.
*INJECTOR 28
 *INCOMP *OIL
 *OPERATE *MAX *STO 147.5
 *OPERATE *MAX *BHP 100000.
*INJECTOR 29
 *INCOMP *OIL
 *OPERATE *MAX *STO 169.7
 *OPERATE *MAX *BHP 100000.
*INJECTOR 30
 *INCOMP *OIL
 *OPERATE *MAX *STO 189.9
 *OPERATE *MAX *BHP 100000.
*INJECTOR 31
 *INCOMP *OIL
 *OPERATE *MAX *STO 125.65
 *OPERATE *MAX *BHP 100000.
*INJECTOR 32
 *INCOMP *OIL
 *OPERATE *MAX *STO 179.48
 *OPERATE *MAX *BHP 100000.
*INJECTOR 33
 *INCOMP *OIL
 *OPERATE *MAX *STO 78.9
 *OPERATE *MAX *BHP 100000.
*INJECTOR 34
 *INCOMP *OIL
 *OPERATE *MAX *STO 42.83     
 *OPERATE *MAX *BHP 100000 
*INJECTOR 35 
 *INCOMP *OIL  
 *OPERATE *MAX *STO 72.83
 *OPERATE *MAX *BHP 100000
*INJECTOR 36
 *INCOMP *OIL
 *OPERATE *MAX *STO 162.5
 *OPERATE *MAX *BHP 100000.
*INJECTOR 37
 *INCOMP *OIL
 *OPERATE *MAX *STO 73.3
 *OPERATE *MAX *BHP 100000

**             rad   geofac   wfrac    skin
*GEOMETRY *K  0.0635  0.37    1.0      0.0
*PERFV *GEO 1
**  kf    ff
     9    1
**             rad   geofac   wfrac    skin
*GEOMETRY *K  0.0635  0.37    1.0     0.0
*PERFV *GEO 2
     7    1
     8    1
     9    0.76
**             rad   geofac   wfrac    skin
*GEOMETRY *K  0.0635  0.37    1.0     0.0
*PERFV *GEO 3
     9   0.91
**             rad   geofac   wfrac    skin
*GEOMETRY *K  0.0635  0.37    1.0      0.0
*PERFV *GEO 4
     8    1.0    
     9    0.66
**             rad   geofac   wfrac    skin
*GEOMETRY *K  0.0635  0.37    1.0      0.0
*PERFV *GEO 5
     9    .87
    10    .10
**             rad   geofac   wfrac    skin
*GEOMETRY *K  0.0635  0.37    1.0      0.0

*PERFV *GEO 6
     9    .97
     8   1.0
**             rad   geofac   wfrac    skin
*GEOMETRY *K  0.0635  0.34    1.0      0.0
*PERFV *GEO 7
     9   1.0
**             rad   geofac   wfrac    skin
*GEOMETRY *K  0.0635  0.34    1.0      0.0
*PERFV *GEO 8
     9   .98
    10  1
**             rad   geofac   wfrac    skin
*GEOMETRY *K  0.0635  0.37    1.0      0.0
*PERFV *GEO 9
     3   .86
     5   1
     6   1
**             rad   geofac   wfrac    skin
*GEOMETRY *K  0.0635  0.37    1.0      0.0
*PERFV *GEO 10
     9   0.3
**             rad   geofac   wfrac    skin
*GEOMETRY *K  0.0635  0.37    1.0      0.0
*PERFV *GEO 11
     3   1
**             rad   geofac   wfrac    skin
*GEOMETRY *K  0.0635  0.37    1.0      0.0
*PERFV *GEO 12
     3   1
     5   1
     6   1
**             rad   geofac   wfrac    skin
*GEOMETRY *K  0.0635  0.37    1.0      0.0
*PERFV *GEO 13
     6   1 
**             rad   geofac   wfrac    skin
*GEOMETRY *K  0.0635  0.37    1.0     0.0
*PERFV *GEO 14
     2   1
     3   1
     4   1
     5   1
     6   .93
**             rad   geofac   wfrac    skin
*GEOMETRY *K  0.0635  0.37    1.0      0.0
*PERFV *GEO 15
     9   1
**             rad   geofac   wfrac    skin
*GEOMETRY *K  0.0635  0.37    1.0      0.0
*PERFV *GEO 16
     2  .82
     3  .42
**             rad   geofac   wfrac    skin
*GEOMETRY *K  0.0635  0.37    1.0     0.0
*PERFV *GEO 17
     1  .25
     2  .91
     3  .74
**             rad   geofac   wfrac    skin
*GEOMETRY *K  0.0635  0.37    1.0     0.0
*PERFV *GEO 18
     8  1
     9  1
**             rad   geofac   wfrac    skin
*GEOMETRY *K  0.0635  0.37    1.0     0.0
*PERFV *GEO 19
    9  1
**             rad   geofac   wfrac    skin
*GEOMETRY *K  0.0635  0.37    1.0     0.0
*PERFV *GEO 20
    9   1
**             rad   geofac   wfrac    skin
*GEOMETRY *K  0.0635  0.37    1.0     0.0
*PERFV *GEO 21
    1  .84
    2  .83
    3  .86
    4  1.0
**             rad   geofac   wfrac    skin
*GEOMETRY *K  0.0635  0.37    1.0      0.0  
*PERFV *GEO 22
    1   0.5
**             rad   geofac   wfrac    skin
*GEOMETRY *K  0.0635  0.37    1.0      0.0
*PERFV *GEO 23
    7  0.78
    8  1
**             rad   geofac   wfrac    skin
*GEOMETRY *K  0.0635  0.37    1.0     0.0
*PERFV *GEO 24
    3   .91
    4   1.0
    5   0.5
    6   .69
**             rad   geofac   wfrac    skin
*GEOMETRY *K  0.0635  0.34    1.0      0.0
*PERFV *GEO 25
    3   1
    4   0.05
    5   1             
    6   1
**             rad   geofac   wfrac    skin
*GEOMETRY *K  0.1500  0.39    1.0      0.0
*PERFV *GEO 26
    9   1
**             rad   geofac   wfrac    skin
*GEOMETRY *K  0.1000  0.37    1.0     0.0
*PERFV *GEO 27
    9    0.97
**             rad   geofac   wfrac    skin
*GEOMETRY *K  0.0635  0.38    1.0      0.0
*PERFV *GEO 28
    1   1
    3   .86
    4   1
    6   1
**             rad   geofac   wfrac    skin
*GEOMETRY *K  0.1000  0.37    1.0      0.0 
*PERFV *GEO 29
    9   1
**             rad   geofac   wfrac    skin
*GEOMETRY *K  0.1500  0.37    1.0      0.0
*PERFV *GEO 30
    9   1
**             rad   geofac   wfrac    skin
*GEOMETRY *K  0.0635  0.34    1.0      0.0
*PERFV *GEO 31
    1  .88
    2  .31
    3  .42
    4  1
**             rad   geofac   wfrac    skin
*GEOMETRY *K  0.1500  0.42    1.0     0.0
*PERFV *GEO 32
    9   .91 
**             rad   geofac   wfrac    skin
*GEOMETRY *K  0.0635  0.38    1.0     0.0
*PERFV *GEO 33
    9   1
**             rad   geofac   wfrac    skin
*GEOMETRY *K  0.1700  0.34    1.0     0.0 
*PERFV *GEO 34
    3   1
    6   1
**             rad   geofac   wfrac    skin
*GEOMETRY *K  0.0635  0.34    1.0     0.0
*PERFV *GEO 35
   10   0.87
**             rad   geofac   wfrac    skin
*GEOMETRY *K  0.0635  0.35    1.0      0.0
*PERFV *GEO 36
    9    1.00
**             rad   geofac   wfrac    skin
*GEOMETRY *K  0.0635  0.37    1.0      0.0
*PERFV *GEO 37
    9  1.0

*DTMAX   350
*DTMIN  .001
*DTWELL .1

*ALTER    1       2       3       4       5       6       7       8       9      10
         0.      0.      0.      0.      0.      0.      0.      0.      0.      0.
*ALTER   11      12      13      14      15      16      17      18      19      20
         0.      0.      0.      0.      0.      0.      0.      0.      0.      0.
*ALTER   21      22      23      24      25      26      27      28      29      30
         25.3     0    43.3     0.    120.2    77.8    36.2     0.      0.      0. 
*ALTER   31      32      33      34      35      36      37
       138.5    55.1     0.      0.      0.      0.      0.
*DATE 1995 12 31
*STOP
