   ********************************************************************************
   ** mxgro032.dat:              Discrete Fracture Network                       **
   ********************************************************************************
   **************************************************************************************
   **                                                                                  **
   ** FILE:   MXGRO032.DAT                                                             **
   **                                                                                  **
   ** MODEL:  10x10x3 GRIDS     BLACKOIL   FIELD UNIT    GAS INJECTION   DFN           **
   **                                                                                  **
   **************************************************************************************
   **                                                                                  **
   ** THIS TEMPLATE ILLUSTRATES DISCRETE FRACTURE NETWORK WITH THE USE OF THE CORNER   **
   ** POINT GRIDDING OPTION. Based on mxgro016.                                        **
   **                                                                                  **
   **************************************************************************************
   **************************************************************************************
   ** CONTACT:    CMG,   (403)531-1300;   282-6495 (fax);support@cmgl.ca    (Internet) **
   **************************************************************************************

RESULTS SIMULATOR IMEX

   ********************************************************************************
   ** I/O Control Section                                                        **
   ********************************************************************************

   *TITLE1 'Discrete Fracture Network'
   *TITLE2 'IMEX DFN Template #3'

   *INUNIT  *FIELD      

   *OUTSRF *WELL *LAYER *ALL
 
   *WPRN    *WELL    *TIME
   *OUTPRN  *WELL    *ALL
   *OUTPRN  *TABLES  *ALL
   *WRST 50

   ********************************************************************************
   ** Reservoir Description Section                                              **
   ********************************************************************************

   *GRID    *CORNER  10  10  3

   **DI     *CON     1000.0
   **DJ     *CON     1000.0

     *XCORN 
          0.  1000.  2000.   3000.  4000.  5000.   6000.  7000.  8000.   9000. 10000.     0.
       1000.  2000.  3000.   4000.  5000.  6000.   7000.  8000.  9000.  10000.     0.  1000.
       2000.  3000.  4000.   5000.  6000.  7000.   8000.  9000. 10000.      0.  1000.  2000.
       3000.  4000.  5000.   6000.  7000.  8000.   9000. 10000.     0.   1000.  2000.  3000.
       4000.  5000.  6000.   7000.  8000.  9000.  10000.     0.  1000.   2000.  3000.  4000.
       5000.  6000.  7000.   8000.  9000. 10000.      0.  1000.  2000.   3000.  4000.  5000.
       6000.  7000.  8000.   9000. 10000.     0.   1000.  2000.  3000.   4000.  5000.  6000.
       7000.  8000.  9000.  10000.     0.  1000.   2000.  3000.  4000.   5000.  6000.  7000.
       8000.  9000. 10000.      0.  1000.  2000.   3000.  4000.  5000.   6000.  7000.  8000.
       9000. 10000.     0.   1000.  2000.  3000.   4000.  5000.  6000.   7000.  8000.  9000.
      10000.     0.  1000.   2000.  3000.  4000.   5000.  6000.  7000.   8000.  9000. 10000.
          0.  1000.  2000.   3000.  4000.  5000.   6000.  7000.  8000.   9000. 10000.     0.
       1000.  2000.  3000.   4000.  5000.  6000.   7000.  8000.  9000.  10000.     0.  1000.
       2000.  3000.  4000.   5000.  6000.  7000.   8000.  9000. 10000.      0.  1000.  2000.
       3000.  4000.  5000.   6000.  7000.  8000.   9000. 10000.     0.   1000.  2000.  3000.
       4000.  5000.  6000.   7000.  8000.  9000.  10000.     0.  1000.   2000.  3000.  4000.
       5000.  6000.  7000.   8000.  9000. 10000.      0.  1000.  2000.   3000.  4000.  5000.
       6000.  7000.  8000.   9000. 10000.     0.   1000.  2000.  3000.   4000.  5000.  6000.
       7000.  8000.  9000.  10000.     0.  1000.   2000.  3000.  4000.   5000.  6000.  7000.
       8000.  9000. 10000.      0.  1000.  2000.   3000.  4000.  5000.   6000.  7000.  8000.
       9000. 10000.     0.   1000.  2000.  3000.   4000.  5000.  6000.   7000.  8000.  9000.
      10000.     0.  1000.   2000.  3000.  4000.   5000.  6000.  7000.   8000.  9000. 10000.
          0.  1000.  2000.   3000.  4000.  5000.   6000.  7000.  8000.   9000. 10000.     0.
       1000.  2000.  3000.   4000.  5000.  6000.   7000.  8000.  9000.  10000.     0.  1000.
       2000.  3000.  4000.   5000.  6000.  7000.   8000.  9000. 10000.      0.  1000.  2000.
       3000.  4000.  5000.   6000.  7000.  8000.   9000. 10000.     0.   1000.  2000.  3000.
       4000.  5000.  6000.   7000.  8000.  9000.  10000.     0.  1000.   2000.  3000.  4000.
       5000.  6000.  7000.   8000.  9000. 10000.      0.  1000.  2000.   3000.  4000.  5000.
       6000.  7000.  8000.   9000. 10000.     0.   1000.  2000.  3000.   4000.  5000.  6000.
       7000.  8000.  9000.  10000.     0.  1000.   2000.  3000.  4000.   5000.  6000.  7000.
       8000.  9000. 10000.      0.  1000.  2000.   3000.  4000.  5000.   6000.  7000.  8000.
       9000. 10000.     0.   1000.  2000.  3000.   4000.  5000.  6000.   7000.  8000.  9000.
      10000.     0.  1000.   2000.  3000.  4000.   5000.  6000.  7000.   8000.  9000. 10000.
          0.  1000.  2000.   3000.  4000.  5000.   6000.  7000.  8000.   9000. 10000.     0.
       1000.  2000.  3000.   4000.  5000.  6000.   7000.  8000.  9000.  10000.     0.  1000.
       2000.  3000.  4000.   5000.  6000.  7000.   8000.  9000. 10000.      0.  1000.  2000.
       3000.  4000.  5000.   6000.  7000.  8000.   9000. 10000.     0.   1000.  2000.  3000.
       4000.  5000.  6000.   7000.  8000.  9000.  10000.     0.  1000.   2000.  3000.  4000.
       5000.  6000.  7000.   8000.  9000. 10000.      0.  1000.  2000.   3000.  4000.  5000.
       6000.  7000.  8000.   9000. 10000.     0.   1000.  2000.  3000.   4000.  5000.  6000.
       7000.  8000.  9000.  10000.      


     *YCORN 
          0.     0.     0.      0.     0.     0.      0.     0.     0.      0.     0.  1000.
       1000.  1000.  1000.   1000.  1000.  1000.   1000.  1000.  1000.   1000.  2000.  2000.
       2000.  2000.  2000.   2000.  2000.  2000.   2000.  2000.  2000.   3000.  3000.  3000.
       3000.  3000.  3000.   3000.  3000.  3000.   3000.  3000.  4000.   4000.  4000.  4000.
       4000.  4000.  4000.   4000.  4000.  4000.   4000.  5000.  5000.   5000.  5000.  5000.
       5000.  5000.  5000.   5000.  5000.  5000.   6000.  6000.  6000.   6000.  6000.  6000.
       6000.  6000.  6000.   6000.  6000.  7000.   7000.  7000.  7000.   7000.  7000.  7000.
       7000.  7000.  7000.   7000.  8000.  8000.   8000.  8000.  8000.   8000.  8000.  8000.
       8000.  8000.  8000.   9000.  9000.  9000.   9000.  9000.  9000.   9000.  9000.  9000.
       9000.  9000. 10000.  10000. 10000. 10000.  10000. 10000. 10000.  10000. 10000. 10000.
      10000.     0.     0.      0.     0.     0.      0.     0.     0.      0.     0.     0.
       1000.  1000.  1000.   1000.  1000.  1000.   1000.  1000.  1000.   1000.  1000.  2000.
       2000.  2000.  2000.   2000.  2000.  2000.   2000.  2000.  2000.   2000.  3000.  3000.
       3000.  3000.  3000.   3000.  3000.  3000.   3000.  3000.  3000.   4000.  4000.  4000.
       4000.  4000.  4000.   4000.  4000.  4000.   4000.  4000.  5000.   5000.  5000.  5000.
       5000.  5000.  5000.   5000.  5000.  5000.   5000.  6000.  6000.   6000.  6000.  6000.
       6000.  6000.  6000.   6000.  6000.  6000.   7000.  7000.  7000.   7000.  7000.  7000.
       7000.  7000.  7000.   7000.  7000.  8000.   8000.  8000.  8000.   8000.  8000.  8000.
       8000.  8000.  8000.   8000.  9000.  9000.   9000.  9000.  9000.   9000.  9000.  9000.
       9000.  9000.  9000.  10000. 10000. 10000.  10000. 10000. 10000.  10000. 10000. 10000.
      10000. 10000.     0.      0.     0.     0.      0.     0.     0.      0.     0.     0.
          0.  1000.  1000.   1000.  1000.  1000.   1000.  1000.  1000.   1000.  1000.  1000.
       2000.  2000.  2000.   2000.  2000.  2000.   2000.  2000.  2000.   2000.  2000.  3000.
       3000.  3000.  3000.   3000.  3000.  3000.   3000.  3000.  3000.   3000.  4000.  4000.
       4000.  4000.  4000.   4000.  4000.  4000.   4000.  4000.  4000.   5000.  5000.  5000.
       5000.  5000.  5000.   5000.  5000.  5000.   5000.  5000.  6000.   6000.  6000.  6000.
       6000.  6000.  6000.   6000.  6000.  6000.   6000.  7000.  7000.   7000.  7000.  7000.
       7000.  7000.  7000.   7000.  7000.  7000.   8000.  8000.  8000.   8000.  8000.  8000.
       8000.  8000.  8000.   8000.  8000.  9000.   9000.  9000.  9000.   9000.  9000.  9000.
       9000.  9000.  9000.   9000. 10000. 10000.  10000. 10000. 10000.  10000. 10000. 10000.
      10000. 10000. 10000.      0.     0.     0.      0.     0.     0.      0.     0.     0.
          0.     0.  1000.   1000.  1000.  1000.   1000.  1000.  1000.   1000.  1000.  1000.
       1000.  2000.  2000.   2000.  2000.  2000.   2000.  2000.  2000.   2000.  2000.  2000.
       3000.  3000.  3000.   3000.  3000.  3000.   3000.  3000.  3000.   3000.  3000.  4000.
       4000.  4000.  4000.   4000.  4000.  4000.   4000.  4000.  4000.   4000.  5000.  5000.
       5000.  5000.  5000.   5000.  5000.  5000.   5000.  5000.  5000.   6000.  6000.  6000.
       6000.  6000.  6000.   6000.  6000.  6000.   6000.  6000.  7000.   7000.  7000.  7000.
       7000.  7000.  7000.   7000.  7000.  7000.   7000.  8000.  8000.   8000.  8000.  8000.
       8000.  8000.  8000.   8000.  8000.  8000.   9000.  9000.  9000.   9000.  9000.  9000.
       9000.  9000.  9000.   9000.  9000. 10000.  10000. 10000. 10000.  10000. 10000. 10000.
      10000. 10000. 10000.  10000.   

     *ZCORN 
       8325.  8325.  8325.   8325.  8325.  8325.   8325.  8325.  8325.   8325.  8325.  8325.
       8325.  8325.  8325.   8325.  8325.  8325.   8325.  8325.  8325.   8325.  8325.  8325.
       8325.  8325.  8325.   8325.  8325.  8325.   8325.  8325.  8325.   8325.  8325.  8325.
       8325.  8325.  8325.   8325.  8325.  8325.   8325.  8325.  8325.   8325.  8325.  8325.
       8325.  8325.  8325.   8325.  8325.  8325.   8325.  8325.  8325.   8325.  8325.  8325.
       8325.  8325.  8325.   8325.  8325.  8325.   8325.  8325.  8325.   8325.  8325.  8325.
       8325.  8325.  8325.   8325.  8325.  8325.   8325.  8325.  8325.   8325.  8325.  8325.
       8325.  8325.  8325.   8325.  8325.  8325.   8325.  8325.  8325.   8325.  8325.  8325.
       8325.  8325.  8325.   8325.  8325.  8325.   8325.  8325.  8325.   8325.  8325.  8325.
       8325.  8325.  8325.   8325.  8325.  8325.   8325.  8325.  8325.   8325.  8325.  8325.
       8325.  8325.  8325.   8325.  8325.  8325.   8325.  8325.  8325.   8325.  8325.  8325.
       8325.  8325.  8325.   8325.  8325.  8325.   8325.  8325.  8325.   8325.  8325.  8325.
       8325.  8325.  8325.   8325.  8325.  8325.   8325.  8325.  8325.   8325.  8325.  8325.
       8325.  8325.  8325.   8325.  8325.  8325.   8325.  8325.  8325.   8325.  8325.  8325.
       8325.  8325.  8325.   8325.  8325.  8325.   8325.  8325.  8325.   8325.  8325.  8325.
       8325.  8325.  8325.   8325.  8325.  8325.   8325.  8325.  8325.   8325.  8325.  8325.
       8325.  8325.  8325.   8325.  8325.  8325.   8325.  8325.  8325.   8325.  8325.  8325.
       8325.  8325.  8325.   8325.  8325.  8325.   8325.  8325.  8325.   8325.  8325.  8325.
       8325.  8325.  8325.   8325.  8325.  8325.   8325.  8325.  8325.   8325.  8325.  8325.
       8325.  8325.  8325.   8325.  8325.  8325.   8325.  8325.  8325.   8325.  8325.  8325.
       8325.  8325.  8325.   8325.  8325.  8325.   8325.  8325.  8325.   8325.  8325.  8325.
       8325.  8325.  8325.   8325.  8325.  8325.   8325.  8325.  8325.   8325.  8325.  8325.
       8325.  8325.  8325.   8325.  8325.  8325.   8325.  8325.  8325.   8325.  8325.  8325.
       8325.  8325.  8325.   8325.  8325.  8325.   8325.  8325.  8325.   8325.  8325.  8325.
       8325.  8325.  8325.   8325.  8325.  8325.   8325.  8325.  8325.   8325.  8325.  8325.
       8325.  8325.  8325.   8325.  8325.  8325.   8325.  8325.  8325.   8325.  8325.  8325.
       8325.  8325.  8325.   8325.  8325.  8325.   8325.  8325.  8325.   8325.  8325.  8325.
       8325.  8325.  8325.   8325.  8325.  8325.   8325.  8325.  8325.   8325.  8325.  8325.
       8325.  8325.  8325.   8325.  8325.  8325.   8325.  8325.  8325.   8325.  8325.  8325.
       8325.  8325.  8325.   8325.  8325.  8325.   8325.  8325.  8325.   8325.  8325.  8325.
       8325.  8325.  8325.   8325.  8325.  8325.   8325.  8325.  8325.   8325.  8325.  8325.
       8325.  8325.  8325.   8325.  8325.  8325.   8325.  8325.  8325.   8325.  8325.  8325.
       8325.  8325.  8325.   8325.  8325.  8325.   8325.  8325.  8325.   8325.  8325.  8325.
       8325.  8325.  8325.   8325.  8345.  8345.   8345.  8345.  8345.   8345.  8345.  8345.
       8345.  8345.  8345.   8345.  8345.  8345.   8345.  8345.  8345.   8345.  8345.  8345.
       8345.  8345.  8345.   8345.  8345.  8345.   8345.  8345.  8345.   8345.  8345.  8345.
       8345.  8345.  8345.   8345.  8345.  8345.   8345.  8345.  8345.   8345.  8345.  8345.
       8345.  8345.  8345.   8345.  8345.  8345.   8345.  8345.  8345.   8345.  8345.  8345.
       8345.  8345.  8345.   8345.  8345.  8345.   8345.  8345.  8345.   8345.  8345.  8345.
       8345.  8345.  8345.   8345.  8345.  8345.   8345.  8345.  8345.   8345.  8345.  8345.
       8345.  8345.  8345.   8345.  8345.  8345.   8345.  8345.  8345.   8345.  8345.  8345.
       8345.  8345.  8345.   8345.  8345.  8345.   8345.  8345.  8345.   8345.  8345.  8345.
       8345.  8345.  8345.   8345.  8345.  8345.   8345.  8345.  8345.   8345.  8345.  8345.
       8345.  8345.  8345.   8345.  8345.  8345.   8345.  8345.  8345.   8345.  8345.  8345.
       8345.  8345.  8345.   8345.  8345.  8345.   8345.  8345.  8345.   8345.  8345.  8345.
       8345.  8345.  8345.   8345.  8345.  8345.   8345.  8345.  8345.   8345.  8345.  8345.
       8345.  8345.  8345.   8345.  8345.  8345.   8345.  8345.  8345.   8345.  8345.  8345.
       8345.  8345.  8345.   8345.  8345.  8345.   8345.  8345.  8345.   8345.  8345.  8345.
       8345.  8345.  8345.   8345.  8345.  8345.   8345.  8345.  8345.   8345.  8345.  8345.
       8345.  8345.  8345.   8345.  8345.  8345.   8345.  8345.  8345.   8345.  8345.  8345.
       8345.  8345.  8345.   8345.  8345.  8345.   8345.  8345.  8345.   8345.  8345.  8345.
       8345.  8345.  8345.   8345.  8345.  8345.   8345.  8345.  8345.   8345.  8345.  8345.
       8345.  8345.  8345.   8345.  8345.  8345.   8345.  8345.  8345.   8345.  8345.  8345.
       8345.  8345.  8345.   8345.  8345.  8345.   8345.  8345.  8345.   8345.  8345.  8345.
       8345.  8345.  8345.   8345.  8345.  8345.   8345.  8345.  8345.   8345.  8345.  8345.
       8345.  8345.  8345.   8345.  8345.  8345.   8345.  8345.  8345.   8345.  8345.  8345.
       8345.  8345.  8345.   8345.  8345.  8345.   8345.  8345.  8345.   8345.  8345.  8345.
       8345.  8345.  8345.   8345.  8345.  8345.   8345.  8345.  8345.   8345.  8345.  8345.
       8345.  8345.  8345.   8345.  8345.  8345.   8345.  8345.  8345.   8345.  8345.  8345.
       8345.  8345.  8345.   8345.  8345.  8345.   8345.  8345.  8345.   8345.  8345.  8345.
       8345.  8345.  8345.   8345.  8345.  8345.   8345.  8345.  8345.   8345.  8345.  8345.
       8345.  8345.  8345.   8345.  8345.  8345.   8345.  8345.  8345.   8345.  8345.  8345.
       8345.  8345.  8345.   8345.  8345.  8345.   8345.  8345.  8345.   8345.  8345.  8345.
       8345.  8345.  8345.   8345.  8345.  8345.   8345.  8345.  8345.   8345.  8345.  8345.
       8345.  8345.  8345.   8345.  8345.  8345.   8345.  8345.  8345.   8345.  8345.  8345.
       8345.  8345.  8345.   8345.  8345.  8345.   8345.  8345.  8345.   8345.  8345.  8345.
       8345.  8345.  8345.   8345.  8345.  8345.   8345.  8345.  8345.   8345.  8345.  8345.
       8345.  8345.  8345.   8345.  8345.  8345.   8345.  8345.  8345.   8345.  8345.  8345.
       8345.  8345.  8345.   8345.  8345.  8345.   8345.  8345.  8345.   8345.  8345.  8345.
       8345.  8345.  8345.   8345.  8345.  8345.   8345.  8345.  8345.   8345.  8345.  8345.
       8345.  8345.  8345.   8345.  8345.  8345.   8345.  8345.  8345.   8345.  8345.  8345.
       8345.  8345.  8345.   8345.  8345.  8345.   8345.  8345.  8345.   8345.  8345.  8345.
       8345.  8345.  8345.   8345.  8345.  8345.   8345.  8345.  8345.   8345.  8345.  8345.
       8345.  8345.  8345.   8345.  8345.  8345.   8345.  8345.  8345.   8345.  8345.  8345.
       8345.  8345.  8345.   8345.  8345.  8345.   8345.  8345.  8345.   8345.  8345.  8345.
       8345.  8345.  8345.   8345.  8345.  8345.   8345.  8345.  8345.   8345.  8345.  8345.
       8345.  8345.  8345.   8345.  8345.  8345.   8345.  8345.  8345.   8345.  8345.  8345.
       8345.  8345.  8345.   8345.  8345.  8345.   8345.  8345.  8345.   8345.  8345.  8345.
       8345.  8345.  8345.   8345.  8345.  8345.   8345.  8345.  8345.   8345.  8345.  8345.
       8345.  8345.  8345.   8345.  8345.  8345.   8345.  8345.  8345.   8345.  8345.  8345.
       8345.  8345.  8345.   8345.  8345.  8345.   8345.  8345.  8345.   8345.  8345.  8345.
       8345.  8345.  8345.   8345.  8345.  8345.   8345.  8345.  8345.   8345.  8345.  8345.
       8345.  8345.  8345.   8345.  8345.  8345.   8345.  8345.  8345.   8345.  8345.  8345.
       8345.  8345.  8345.   8345.  8345.  8345.   8345.  8345.  8345.   8345.  8345.  8345.
       8345.  8345.  8345.   8345.  8345.  8345.   8345.  8345.  8345.   8345.  8345.  8345.
       8345.  8345.  8345.   8345.  8345.  8345.   8345.  8345.  8345.   8345.  8345.  8345.
       8345.  8345.  8345.   8345.  8345.  8345.   8345.  8345.  8345.   8345.  8345.  8345.
       8345.  8345.  8345.   8345.  8345.  8345.   8345.  8345.  8345.   8345.  8345.  8345.
       8345.  8345.  8345.   8345.  8345.  8345.   8345.  8345.  8345.   8345.  8345.  8345.
       8345.  8345.  8345.   8345.  8345.  8345.   8345.  8345.  8345.   8345.  8345.  8345.
       8345.  8345.  8345.   8345.  8345.  8345.   8345.  8345.  8345.   8345.  8345.  8345.
       8345.  8345.  8345.   8345.  8345.  8345.   8345.  8345.  8345.   8345.  8345.  8345.
       8345.  8345.  8345.   8345.  8345.  8345.   8345.  8345.  8345.   8345.  8345.  8345.
       8345.  8345.  8345.   8345.  8345.  8345.   8345.  8345.  8345.   8345.  8345.  8345.
       8345.  8345.  8345.   8345.  8345.  8345.   8345.  8345.  8345.   8345.  8345.  8345.
       8345.  8345.  8345.   8345.  8345.  8345.   8345.  8345.  8345.   8345.  8345.  8345.
       8345.  8345.  8345.   8345.  8345.  8345.   8345.  8345.  8345.   8345.  8345.  8345.
       8345.  8345.  8345.   8345.  8345.  8345.   8345.  8345.  8345.   8345.  8345.  8345.
       8345.  8345.  8345.   8345.  8345.  8345.   8345.  8345.  8345.   8345.  8345.  8345.
       8345.  8345.  8345.   8345.  8345.  8345.   8345.  8345.  8345.   8345.  8345.  8345.
       8375.  8375.  8375.   8375.  8375.  8375.   8375.  8375.  8375.   8375.  8375.  8375.
       8375.  8375.  8375.   8375.  8375.  8375.   8375.  8375.  8375.   8375.  8375.  8375.
       8375.  8375.  8375.   8375.  8375.  8375.   8375.  8375.  8375.   8375.  8375.  8375.
       8375.  8375.  8375.   8375.  8375.  8375.   8375.  8375.  8375.   8375.  8375.  8375.
       8375.  8375.  8375.   8375.  8375.  8375.   8375.  8375.  8375.   8375.  8375.  8375.
       8375.  8375.  8375.   8375.  8375.  8375.   8375.  8375.  8375.   8375.  8375.  8375.
       8375.  8375.  8375.   8375.  8375.  8375.   8375.  8375.  8375.   8375.  8375.  8375.
       8375.  8375.  8375.   8375.  8375.  8375.   8375.  8375.  8375.   8375.  8375.  8375.
       8375.  8375.  8375.   8375.  8375.  8375.   8375.  8375.  8375.   8375.  8375.  8375.
       8375.  8375.  8375.   8375.  8375.  8375.   8375.  8375.  8375.   8375.  8375.  8375.
       8375.  8375.  8375.   8375.  8375.  8375.   8375.  8375.  8375.   8375.  8375.  8375.
       8375.  8375.  8375.   8375.  8375.  8375.   8375.  8375.  8375.   8375.  8375.  8375.
       8375.  8375.  8375.   8375.  8375.  8375.   8375.  8375.  8375.   8375.  8375.  8375.
       8375.  8375.  8375.   8375.  8375.  8375.   8375.  8375.  8375.   8375.  8375.  8375.
       8375.  8375.  8375.   8375.  8375.  8375.   8375.  8375.  8375.   8375.  8375.  8375.
       8375.  8375.  8375.   8375.  8375.  8375.   8375.  8375.  8375.   8375.  8375.  8375.
       8375.  8375.  8375.   8375.  8375.  8375.   8375.  8375.  8375.   8375.  8375.  8375.
       8375.  8375.  8375.   8375.  8375.  8375.   8375.  8375.  8375.   8375.  8375.  8375.
       8375.  8375.  8375.   8375.  8375.  8375.   8375.  8375.  8375.   8375.  8375.  8375.
       8375.  8375.  8375.   8375.  8375.  8375.   8375.  8375.  8375.   8375.  8375.  8375.
       8375.  8375.  8375.   8375.  8375.  8375.   8375.  8375.  8375.   8375.  8375.  8375.
       8375.  8375.  8375.   8375.  8375.  8375.   8375.  8375.  8375.   8375.  8375.  8375.
       8375.  8375.  8375.   8375.  8375.  8375.   8375.  8375.  8375.   8375.  8375.  8375.
       8375.  8375.  8375.   8375.  8375.  8375.   8375.  8375.  8375.   8375.  8375.  8375.
       8375.  8375.  8375.   8375.  8375.  8375.   8375.  8375.  8375.   8375.  8375.  8375.
       8375.  8375.  8375.   8375.  8375.  8375.   8375.  8375.  8375.   8375.  8375.  8375.
       8375.  8375.  8375.   8375.  8375.  8375.   8375.  8375.  8375.   8375.  8375.  8375.
       8375.  8375.  8375.   8375.  8375.  8375.   8375.  8375.  8375.   8375.  8375.  8375.
       8375.  8375.  8375.   8375.  8375.  8375.   8375.  8375.  8375.   8375.  8375.  8375.
       8375.  8375.  8375.   8375.  8375.  8375.   8375.  8375.  8375.   8375.  8375.  8375.
       8375.  8375.  8375.   8375.  8375.  8375.   8375.  8375.  8375.   8375.  8375.  8375.
       8375.  8375.  8375.   8375.  8375.  8375.   8375.  8375.  8375.   8375.  8375.  8375.
       8375.  8375.  8375.   8375.  8375.  8375.   8375.  8375.  8375.   8375.  8375.  8375.
       8375.  8375.  8375.   8375.  8375.  8375.   8375.  8375.  8375.   8375.  8375.  8375.
       8375.  8375.  8375.   8375.  8375.  8375.   8375.  8375.  8375.   8375.  8375.  8375.
       8375.  8375.  8375.   8375.  8375.  8375.   8375.  8375.  8375.   8375.  8375.  8375.
       8375.  8375.  8375.   8375.  8375.  8375.   8375.  8375.  8375.   8375.  8375.  8375.
       8375.  8375.  8375.   8375.  8375.  8375.   8375.  8375.  8375.   8375.  8375.  8375.
       8375.  8375.  8375.   8375.  8375.  8375.   8375.  8375.  8375.   8375.  8375.  8375.
       8375.  8375.  8375.   8375.  8375.  8375.   8375.  8375.  8375.   8375.  8375.  8375.
       8375.  8375.  8375.   8375.  8375.  8375.   8375.  8375.  8375.   8375.  8375.  8375.
       8375.  8375.  8375.   8375.  8375.  8375.   8375.  8375.  8375.   8375.  8375.  8375.
       8375.  8375.  8375.   8375.  8375.  8375.   8375.  8375.  8375.   8375.  8375.  8375.
       8375.  8375.  8375.   8375.  8375.  8375.   8375.  8375.  8375.   8375.  8375.  8375.
       8375.  8375.  8375.   8375.  8375.  8375.   8375.  8375.  8375.   8375.  8375.  8375.
       8375.  8375.  8375.   8375.  8375.  8375.   8375.  8375.  8375.   8375.  8375.  8375.
       8375.  8375.  8375.   8375.  8375.  8375.   8375.  8375.  8375.   8375.  8375.  8375.
       8375.  8375.  8375.   8375.  8375.  8375.   8375.  8375.  8375.   8375.  8375.  8375.
       8375.  8375.  8375.   8375.  8375.  8375.   8375.  8375.  8375.   8375.  8375.  8375.
       8375.  8375.  8375.   8375.  8375.  8375.   8375.  8375.  8375.   8375.  8375.  8375.
       8375.  8375.  8375.   8375.  8375.  8375.   8375.  8375.  8375.   8375.  8375.  8375.
       8375.  8375.  8375.   8375.  8375.  8375.   8375.  8375.  8375.   8375.  8375.  8375.
       8375.  8375.  8375.   8375.  8375.  8375.   8375.  8375.  8375.   8375.  8375.  8375.
       8375.  8375.  8375.   8375.  8375.  8375.   8375.  8375.  8375.   8375.  8375.  8375.
       8375.  8375.  8375.   8375.  8375.  8375.   8375.  8375.  8375.   8375.  8375.  8375.
       8375.  8375.  8375.   8375.  8375.  8375.   8375.  8375.  8375.   8375.  8375.  8375.
       8375.  8375.  8375.   8375.  8375.  8375.   8375.  8375.  8375.   8375.  8375.  8375.
       8375.  8375.  8375.   8375.  8375.  8375.   8375.  8375.  8375.   8375.  8375.  8375.
       8375.  8375.  8375.   8375.  8375.  8375.   8375.  8375.  8375.   8375.  8375.  8375.
       8375.  8375.  8375.   8375.  8375.  8375.   8375.  8375.  8375.   8375.  8375.  8375.
       8375.  8375.  8375.   8375.  8375.  8375.   8375.  8375.  8375.   8375.  8375.  8375.
       8375.  8375.  8375.   8375.  8375.  8375.   8375.  8375.  8375.   8375.  8375.  8375.
       8375.  8375.  8375.   8375.  8375.  8375.   8375.  8375.  8375.   8375.  8375.  8375.
       8375.  8375.  8375.   8375.  8375.  8375.   8375.  8375.  8375.   8375.  8375.  8375.
       8375.  8375.  8375.   8375.  8375.  8375.   8375.  8375.  8375.   8375.  8375.  8375.
       8375.  8375.  8375.   8375.  8375.  8375.   8375.  8375.  8375.   8375.  8375.  8375.
       8375.  8375.  8375.   8375.  8375.  8375.   8375.  8375.  8425.   8425.  8425.  8425.
       8425.  8425.  8425.   8425.  8425.  8425.   8425.  8425.  8425.   8425.  8425.  8425.
       8425.  8425.  8425.   8425.  8425.  8425.   8425.  8425.  8425.   8425.  8425.  8425.
       8425.  8425.  8425.   8425.  8425.  8425.   8425.  8425.  8425.   8425.  8425.  8425.
       8425.  8425.  8425.   8425.  8425.  8425.   8425.  8425.  8425.   8425.  8425.  8425.
       8425.  8425.  8425.   8425.  8425.  8425.   8425.  8425.  8425.   8425.  8425.  8425.
       8425.  8425.  8425.   8425.  8425.  8425.   8425.  8425.  8425.   8425.  8425.  8425.
       8425.  8425.  8425.   8425.  8425.  8425.   8425.  8425.  8425.   8425.  8425.  8425.
       8425.  8425.  8425.   8425.  8425.  8425.   8425.  8425.  8425.   8425.  8425.  8425.
       8425.  8425.  8425.   8425.  8425.  8425.   8425.  8425.  8425.   8425.  8425.  8425.
       8425.  8425.  8425.   8425.  8425.  8425.   8425.  8425.  8425.   8425.  8425.  8425.
       8425.  8425.  8425.   8425.  8425.  8425.   8425.  8425.  8425.   8425.  8425.  8425.
       8425.  8425.  8425.   8425.  8425.  8425.   8425.  8425.  8425.   8425.  8425.  8425.
       8425.  8425.  8425.   8425.  8425.  8425.   8425.  8425.  8425.   8425.  8425.  8425.
       8425.  8425.  8425.   8425.  8425.  8425.   8425.  8425.  8425.   8425.  8425.  8425.
       8425.  8425.  8425.   8425.  8425.  8425.   8425.  8425.  8425.   8425.  8425.  8425.
       8425.  8425.  8425.   8425.  8425.  8425.   8425.  8425.  8425.   8425.  8425.  8425.
       8425.  8425.  8425.   8425.  8425.  8425.   8425.  8425.  8425.   8425.  8425.  8425.
       8425.  8425.  8425.   8425.  8425.  8425.   8425.  8425.  8425.   8425.  8425.  8425.
       8425.  8425.  8425.   8425.  8425.  8425.   8425.  8425.  8425.   8425.  8425.  8425.
       8425.  8425.  8425.   8425.  8425.  8425.   8425.  8425.  8425.   8425.  8425.  8425.
       8425.  8425.  8425.   8425.  8425.  8425.   8425.  8425.  8425.   8425.  8425.  8425.
       8425.  8425.  8425.   8425.  8425.  8425.   8425.  8425.  8425.   8425.  8425.  8425.
       8425.  8425.  8425.   8425.  8425.  8425.   8425.  8425.  8425.   8425.  8425.  8425.
       8425.  8425.  8425.   8425.  8425.  8425.   8425.  8425.  8425.   8425.  8425.  8425.
       8425.  8425.  8425.   8425.  8425.  8425.   8425.  8425.  8425.   8425.  8425.  8425.
       8425.  8425.  8425.   8425.  8425.  8425.   8425.  8425.  8425.   8425.  8425.  8425.
       8425.  8425.  8425.   8425.  8425.  8425.   8425.  8425.  8425.   8425.  8425.  8425.
       8425.  8425.  8425.   8425.  8425.  8425.   8425.  8425.  8425.   8425.  8425.  8425.
       8425.  8425.  8425.   8425.  8425.  8425.   8425.  8425.  8425.   8425.  8425.  8425.
       8425.  8425.  8425.   8425.  8425.  8425.   8425.  8425.  8425.   8425.  8425.  8425.
       8425.  8425.  8425.   8425.  8425.  8425.   8425.  8425.  8425.   8425.  8425.  8425.
       8425.  8425.  8425.   8425.  8425.  8425.   8425.  8425.  8425.   8425.  8425.  8425.
       8425.  8425.  8425.   8425.  8425.  8425.   8425.  8425.  8425.   8425.  8425.  8425.   

   *POR       *CON    0.3
   *CPOR            3.0E-6
   *PRPOR            14.7

   *PERMI     *KVAR  50.0   5.0  20.0
   *PERMJ     *KVAR  50.0   5.0  20.0
   *PERMK     *KVAR   6.0   4.0   2.0


   *BEGIN_DFN 'dfn1' CMG 3
     *PERM-DF ALL 10000 10000 5000
     *APER-DF ALL 0.1 0.2 0.3
     *CPOR-DF  CON   3.0E-6
     *PRPOR-DF CON  14.7
     *VERTEX
    ** first fracture
        10.000000000000         10.000000000000        8335.00000000000     
        9500.00000000000        500.000000000000        8400.00000000000     
        9500.00000000000        9500.00000000000        8400.00000000000     
        500.000000000000        9500.00000000000        8335.00000000000
     ** 2nd fracture 
        9500.00000000000        500.000000000000        8335.00000000000     
        9500.00000000000        9500.00000000000        8335.00000000000     
        500.000000000000        9500.00000000000        8400.00000000000     
        500.000000000000        500.000000000000        8400.00000000000 
    ** 3rd fracture    
        8500.00000000000        500.000000000000        8335.00000000000     
        8500.00000000000        9500.00000000000        8335.00000000000     
        7500.00000000000        9500.00000000000        8400.00000000000     
        7500.00000000000        500.000000000000        8400.00000000000     
    *END_DFN

   *BEGIN_DFN 'dfn2' CMG 2
     *PERM-DF ALL 10000 10000
     *APER-DF ALL 0.1 0.2
     *CPOR-DF  CON   3.0E-6
     *PRPOR-DF CON  14.7
     *VERTEX
       ** first fracture
           10.000000000000         10.000000000000        8335.00000000000     
           9500.00000000000        500.000000000000        8335.00000000000    
           9500.00000000000        9500.00000000000        8335.00000000000   
           500.000000000000        500.00000000000        8335.00000000000
        ** 2nd fracture 
           9500.00000000000        500.000000000000        8400.00000000000     
           9500.00000000000        9500.00000000000        8400.00000000000     
           500.000000000000        9500.00000000000        8400.00000000000     
           500.000000000000        500.000000000000        8400.00000000000 
   *END_DFN

   *MODEL *BLACKOIL
   ********************************************************************************
   ** Component Property Section                                                 **
   ********************************************************************************
   *PVT
   **    p     rs      bo      eg     viso     visg
       14.7     1.0   1.062     6.0   1.040   0.0080
      264.7    90.5   1.150    82.7   0.975   0.0096
      514.7   180.0   1.207   159.0   0.910   0.0112
     1014.7   371.0   1.295   313.0   0.830   0.0140
     2014.7   636.0   1.435   620.0   0.695   0.0189
     2514.0   775.0   1.500   773.0   0.641   0.0208
     3014.7   930.0   1.565   926.0   0.594   0.0228
     4014.7  1270.0   1.695  1233.0   0.510   0.0268
     5014.7  1600.0   1.827  1541.0   0.449   0.0309
     9014.7  2984.0   2.357  2591.0   0.203   0.0470   

   *DENSITY  *OIL     46.244
   *DENSITY  *GAS     0.0647
   *DENSITY  *WATER   62.238
   *CO                1.3687E-5
   *CVO               4.6000E-5
   *BWI               1.0410
   *CW                2.9886E-6
   *REFPW             14.7
   *VWI               0.31
   *CVW               0.0   


   *ROCKFLUID
   ********************************************************************************
   ** Rock-Fluid Property Section                                                **
   ********************************************************************************
   *RPT 1
   *SWT
   ** sw     krw   krow   
     0.12    0.0   1.0
     0.82    0.0   0.0     
                               
   *SLT
   **  sl     krg      krog  
      0.120   0.984   0.0000 
      0.150   0.980   0.0000       
      0.300   0.940   0.0000       
      0.400   0.870   0.0001
      0.500   0.720   0.0010
      0.550   0.600   0.0100
      0.600   0.410   0.0210
      0.700   0.190   0.0900
      0.750   0.125   0.2000
      0.800   0.075   0.3500
      0.880   0.025   0.7000
      0.950   0.005   0.9800
      0.980   0.000   0.9970
      0.999   0.000   1.0000
      1.000   0.000   1.0000


   *INITIAL
   ********************************************************************************
   ** Initial Conditions Section                                                 **
   ********************************************************************************
   *VERTICAL  *ON
   *PB        *CON    4014.
   *REFDEPTH          8400.
   *REFPRES           4800.
   *DWOC              9500.
   *DGOC              7000.
   *DATUMDEPTH        8375.   


   *NUMERICAL
   ********************************************************************************
   ** Numerical Control Section                                                  **
   ********************************************************************************
 

   *RUN
   ********************************************************************************
   ** Well and Recurrent Data Section                                            **
   ********************************************************************************
   *DATE      1995 01 01
   *DTWELL    1.0

   *ACT-DEFAULT *CONT *REPEAT 

   *WELL  1   'Injector'
   *WELL  2   'Producer'   

   *INJECTOR  1
   *INCOMP    *GAS
   *OPERATE   *MAX       *STG   1.0E+8
   *OPERATE   *MAX       *BHP   10000.

   *PRODUCER               2
   *OPERATE   *MAX       *STO   20000.0
   *OPERATE   *MIN       *BHP    1000.0
   *MONITOR   *GOR              20000.0  *STOP

   **               rad   geofac  wfrac  skin
   *GEOMETRY  *K    0.25   0.34    1.0    0.0 
   *PERF      *GEOA   1 
   **          if   jf     kf      ff
               1    1      1      1.0  flow-from 'SURFACE'
               1    1      3      1.0  flow-from 1

   **               rad   geofac  wfrac  skin
   *GEOMETRY  *K    0.25   0.34    1.0    0.0 
   *PERF      *GEOA   2
   **          if   jf     kf      ff                         
               10   10     1      1.0 flow-to 'SURFACE'
               10   10     2      1.0 flow-to 1
               10   10     3      1.0 flow-to 2

   *LAYER-CTRL NDF 1 *CLOSE
   *LAYER-CTRL NDF 2 *CLOSE


   *TIME     1000.
   *STOP
